multiplex	node	score
2	Nasal_congestion	0.1556494016997711
2	Ischemic_encephalopathy	0.00011753621335894207
2	Alcohol_dependence	0.0001170698697549922
2	Acute_promyelocytic_leukemia	0.00011682258352271618
2	Allergy	0.0001165099942330644
2	Colitis	0.00011616026285541423
2	Graft_versus_host_disease	0.00011601906656472316
2	Pneumonia	0.0001158847414864693
2	Autoimmune_disease	0.00011578793818017609
2	Exanthem	5.3844261532351346e-05
2	Spasticity	5.351970795929866e-05
2	Epilepsy	5.15765089853241e-05
2	Major_depressive_disorder	5.1280795325590336e-05
2	Heart_failure	3.3880274653974986e-05
2	Glaucoma	3.3704406517417975e-05
2	Palmoplantar_keratosis	3.337571252828566e-05
2	Adenoma	3.318637667566915e-05
2	Oculodentodigital_dysplasia_autosomal_recessive	3.312151254786449e-05
2	Craniometaphyseal_dysplasia_autosomal_recessive	3.312145451685581e-05
2	Syndactyly_type_3	3.311094278441001e-05
2	Hypoplastic_left_heart_syndrome_1	3.303263071807275e-05
2	Oculodentodigital_dysplasia	3.30273170751277e-05
2	Schizophrenia	3.223619935947282e-05
2	Seizure	3.17144179241747e-05
2	Bipolar_affective_disorder	3.169621110997336e-05
2	Neoplasm_of_lung	3.118290068779939e-05
2	Alopecia	3.049768182636563e-05
2	Osteoporosis	2.8689528598583923e-05
2	Cryptorchidism	2.8417243155962076e-05
2	Small_cell_lung_carcinoma	2.798224485595831e-05
2	Pulmonary_arterial_hypertension	2.786042211197685e-05
2	Astrocytoma	2.7179799592904683e-05
2	Hypogonadotropic_hypogonadism	2.71672402010722e-05
2	Delayed_puberty	2.711586499807527e-05
2	Erectile_dysfunction	2.7088127463289925e-05
2	Myeloproliferative_disorder	2.6845662007824462e-05
2	Hypogonadotropic_hypogonadism_7_with_or_without_anosmia	2.6804682093201907e-05
2	Pfeiffer_syndrome	2.6795940000552216e-05
2	Hypogonadotropic_hypogonadism_2_with_or_without_anosmia	2.6723737376613146e-05
2	Prostate_neoplasm	2.1351379900664437e-05
2	Autism	1.882212817686374e-05
2	Diabetes_mellitus	1.7758426735046468e-05
2	Carious_teeth	1.7638443932293134e-05
2	Congestive_heart_failure	1.7633563602208725e-05
2	Neoplasm_of_the_skin	1.7481859170797103e-05
2	Neurogenic_bladder	1.73374835344675e-05
2	Breast_neoplasm	1.6163426458914434e-05
2	Depression	1.4225967384955443e-05
2	Non_small_cell_lung_carcinoma	1.3904111201623093e-05
2	Strabismus	1.3843485577152891e-05
2	Osteopenia	1.3742943032325977e-05
2	Nystagmus	1.3690338020629625e-05
2	Respiratory_insufficiency	1.336172768072819e-05
2	Anxiety	1.3275631001085912e-05
2	Squamous_cell_carcinoma	1.3230668190603793e-05
2	Glioma	1.3012600452112507e-05
2	Male_hypogonadism	1.294847455751087e-05
2	Female_hypogonadism	1.294698830149715e-05
2	Gynecomastia	1.2935575578337466e-05
2	Secondary_amenorrhea	1.2915190030020766e-05
2	Allergic_contact_dermatitis	3.979112480009925e-06
2	Myocardial_ischemia	3.6320162286137636e-06
2	Psychotic_disorder	3.2572937472644136e-06
2	Neoplasm_of_the_pancreas	2.4520767647564434e-06
2	Asthma	2.2151032160695096e-06
2	Fatigue	2.169429753331517e-06
2	Adult_acute_respiratory_distress_syndrome	2.159843494088227e-06
2	Fever	2.116258210446018e-06
2	Hypotension	2.058830802007055e-06
2	Neoplasm_of_stomach	1.9362662336863807e-06
2	Atopic_eczema	1.81317639682426e-06
2	Obesity	1.7911782559839426e-06
2	Rheumatoid_arthritis	1.7362688455743872e-06
2	Thrombotic_disease	1.697178386655422e-06
2	Melanoma	1.6967085534322087e-06
2	Migraine	1.6075148246352102e-06
2	Nausea_and_vomiting	1.5773685788593211e-06
2	Arthralgia	1.5409364442591675e-06
2	Coronary_artery_disorder	1.4968664491759298e-06
2	Osteoarthritis	1.4893174373442275e-06
2	Acute_myeloid_leukemia	1.485194483406613e-06
2	Juvenile_idiopathic_arthritis	1.4739782413660738e-06
2	Rhinitis	1.4537179437745645e-06
2	Excessive_salivation	1.4351638050629076e-06
2	Endometriosis	1.396172159816613e-06
2	Apnea	1.2902859342589195e-06
2	Sinusitis	1.2831360717249593e-06
2	Urticaria	1.197344704586977e-06
2	Disorder_of_lung	1.1830509280320596e-06
2	Hepatocellular_carcinoma	1.1587867004280005e-06
2	Neoplasm_of_the_large_intestine	1.1328581131211683e-06
2	Conjunctivitis	1.1266599949248908e-06
2	Eczematoid_dermatitis	1.1159016542673272e-06
2	Hypertensive_disorder	1.1010721960500625e-06
2	Urinary_incontinence	1.0893407465318572e-06
2	Hyperemia	1.0753682133379474e-06
2	Glioblastoma	1.0685640753447818e-06
2	Purpura	1.0581035235580076e-06
2	Renal_cell_carcinoma	1.0323403247197866e-06
2	Polycystic_ovaries	1.0156362275325483e-06
2	Neoplasm_of_ovary	1.0043049959482179e-06
2	Hyperkeratosis	9.993949812956888e-07
2	Adenocarcinoma	9.81168377077935e-07
2	Narcolepsy	9.663301204982379e-07
2	Metastasis	9.555314214217864e-07
2	Vertigo	9.423454974473805e-07
2	Thrombocytopenia	9.307041015086442e-07
2	Insulin_resistance	8.755014795745795e-07
2	Skin_ulcer	8.737214631666322e-07
2	Dyspareunia	8.137069951929955e-07
2	Alzheimer_disease	7.509659590910097e-07
2	Colonic_neoplasm	7.325063313651308e-07
2	Acute_febrile_mucocutaneous_lymph_node_syndrome	7.314549431421986e-07
2	Nausea	7.062003093278389e-07
2	Priapism	6.872424441891014e-07
2	Facial_paralysis	6.745562313540093e-07
2	Allergy_to_food	6.677483249408846e-07
2	Ulcerative_colitis	6.620351265344865e-07
2	Primary_cutaneous_T_cell_lymphoma	6.587221268564282e-07
2	Allergic_reaction	6.586275284371526e-07
2	Enterocolitis	6.499061681897536e-07
2	Cirrhosis_of_liver	6.372366473307317e-07
2	Type_2_diabetes_mellitus	6.345068791851488e-07
2	Iridocyclitis	6.282113342062368e-07
2	Hereditary_spastic_paraplegia_31	6.255966334698638e-07
2	Angioedema	6.254578345308023e-07
2	3M_syndrome_3	6.174233048676034e-07
2	Scleroderma	6.055042143103697e-07
2	Immunodeficiency	6.033116439146826e-07
2	Vitiligo	5.999276419369086e-07
2	Stroke_disorder	5.966484134096455e-07
2	Dystonic_disorder	5.941597925144901e-07
2	Spontaneous_Abortion	5.8666420122778e-07
2	Drowsiness	5.848402555833199e-07
2	Cataract_18	5.845163130419686e-07
2	Osteogenesis_imperfecta_type_12	5.785527173420475e-07
2	Bladder_neoplasm	5.759438282290054e-07
2	Psoriasis	5.703037684637299e-07
2	Peptic_ulcer	5.698708809511767e-07
2	Drug_allergy	5.664373167732823e-07
2	Leber_congenital_amaurosis_12	5.612704338426951e-07
2	Malignant_tumor_of_breast	5.564337361651204e-07
2	Primary_ciliary_dyskinesia_21	5.544922666843672e-07
2	Cardiomyopathy	5.485889964270261e-07
2	Back_pain	5.46909131645609e-07
2	Primary_ciliary_dyskinesia_24	5.462712053030316e-07
2	Inflammatory_bowel_disease	5.240837635219687e-07
2	Combined_oxidative_phosphorylation_defect_type_20	5.088668671862383e-07
2	Crohn_disease	5.083007234933523e-07
2	Irritable_bowel_syndrome	5.070462287418006e-07
2	Dyskinesia	4.941086991351872e-07
2	Muscular_dystrophy-dystroglycanopathy_(congenital_with_brain_and_eye_anomalies),_type_A3	4.931520457291535e-07
2	Psoriatic_arthritis	4.926676541360701e-07
2	Dysmenorrhea	4.918934397609189e-07
2	Pruritus	4.916735206662856e-07
2	Meckel_syndrome,_type_6	4.900449871901554e-07
2	Cone_dystrophy_5,_X-linked	4.89003556060878e-07
2	Muscular_dystrophy-dystroglycanopathy_(congenital_with_brain_and_eye_anomalies),_type_A14	4.887109121461821e-07
2	Skin_disorder	4.880974655672811e-07
2	Dermatographic_urticaria	4.880672132912781e-07
2	Breast_cancer_familial_male	4.875693417668227e-07
2	Dysphonia	4.87493548008034e-07
2	Intellectual_disability,_autosomal_recessive_27	4.870350980311985e-07
2	Otosclerosis	4.870163606477523e-07
2	Surfactant_metabolism_dysfunction,_pulmonary,_5	4.847890468836732e-07
2	Corneal_dystrophy,_Fuchs_endothelial,_8	4.847766465229209e-07
2	Diabetic_Vascular_Disorder	4.847225843649139e-07
2	Ehlers-Danlos_syndrome,_spondylodysplastic_type,_1	4.843161852859217e-07
2	Corneal_dystrophy,_Fuchs_endothelial,_4	4.83942505040529e-07
2	Ectodermal_dysplasia_10B,_hypohidrotic/hair/tooth_type,_autosomal_recessive	4.839236248879456e-07
2	Corneal_dystrophy,_Fuchs_endothelial,_6	4.833973119565382e-07
2	Systemic_lupus_erythematosus	4.833742712954926e-07
2	Congenital_lactic_acidosis,_Saguenay-Lac-Saint-Jean_type	4.831364623719173e-07
2	Arteriosclerosis_disorder	4.820543419597807e-07
2	Brown-Vialetto-van_Laere_syndrome_1	4.816840124659399e-07
2	Spastic_Paraplegia_30,_Autosomal_Recessive	4.807024952512861e-07
2	Abnormality_of_the_mouth	4.80255249555095e-07
2	Macular_degeneration,_age-related,_3	4.798438290968802e-07
2	Li-Fraumeni_syndrome	4.797845385922687e-07
2	Niemann-Pick_disease,_type_A	4.790254172681308e-07
2	Cone-rod_dystrophy_11	4.78814909095229e-07
2	Epistaxis	4.787360121969339e-07
2	Retinal_degeneration,_autosomal_recessive,_clumped_pigment_type	4.785897039055995e-07
2	NPHP3-related_Meckel-like_syndrome	4.784944058925407e-07
2	Surfactant_metabolism_dysfunction,_pulmonary,_2	4.784853330582002e-07
2	Nasal_obstruction_present	4.774726452786376e-07
2	Charcot-Marie-Tooth_disease_type_4C	4.773192718752367e-07
2	Hoarse_voice_(caused_by_tumor_impingement)	4.758711871728376e-07
2	Muscular_dystrophy-dystroglycanopathy_(congenital_with_brain_and_eye_anomalies),_type_A5	4.754451902138455e-07
2	Niemann-pick_disease,_intermediate,_protracted_neurovisceral	4.743563670915392e-07
2	GM1-gangliosidosis,_type_I,_with_cardiac_involvement	4.7354906988647156e-07
2	Weak_voice	4.726331287433162e-07
2	Hoarse_voice	4.7219939732754366e-07
2	Muscular_dystrophy-dystroglycanopathy_(congenital_with_brain_and_eye_anomalies),_type_A6	4.7092883357329916e-07
2	Neoplasm_of_the_tongue	4.708358549081214e-07
2	Muscular_dystrophy-dystroglycanopathy_(congenital_with_brain_and_eye_anomalies),_type_a,_11	4.707678715209239e-07
2	Muscular_dystrophy-dystroglycanopathy_(congenital_with_intellectual_disability),_type_B3	4.694628972636304e-07
2	Surfactant_metabolism_dysfunction,_pulmonary,_1	4.6935486271788055e-07
2	Hypophonia	4.6665039143688763e-07
2	Li-fraumeni-like_syndrome	4.664128268545582e-07
2	Cancer_of_the_pancreas	4.6617926269159587e-07
2	Pituitary_hormone_deficiency,_combined,_1	4.6500887908826064e-07
2	Liver_cancer	4.619652004838983e-07
2	Status_epilepticus	4.6137259927271863e-07
2	Peripheral_neuropathy	4.587681978975781e-07
2	Age_related_macular_degeneration_6	4.5473674531475713e-07
2	Acute_intermittent_porphyria	4.501242178041567e-07
2	Constipation	4.501187983826663e-07
2	Sleep_disorder_initiating_and_maintaining_sleep	4.4998979677403286e-07
2	Fanconi_anemia_complementation_group_J	4.4595271512839473e-07
2	Neoplasm_of_the_liver	4.385149383865363e-07
2	Crouzon_syndrome	4.384094667108055e-07
2	Neoplasm_of_esophagus	4.358362321504764e-07
2	Hereditary_spastic_paraplegia_35	4.2090483277592053e-07
2	Pulmonary_hypertension	4.18239544449028e-07
2	Fasciitis	4.089974550454637e-07
2	Anemia	4.0128917557504917e-07
2	Osteogenesis_imperfecta_type_15	4.0094295302378607e-07
2	Supraventricular_tachycardia	4.00764897164635e-07
2	Patent_ductus_arteriosus	4.004798466746164e-07
2	Myopathy	3.9448971864352086e-07
2	Mesothelioma	3.9420061438082916e-07
2	Tremor	3.8913510738791376e-07
2	Nephrotic_syndrome	3.754344455834041e-07
2	Cataract_11_multiple_types	3.7496401608165024e-07
2	Cataract_11_with_microphthalmia_and_neurodevelopmental_abnormalities	3.7466172634697514e-07
2	Mydriasis	3.687793217678211e-07
2	Isolated_microphthalmia_3	3.6865197204561623e-07
2	Sarcoidosis	3.686273814614124e-07
2	Perennial_allergic_rhinitis	3.6529624884427587e-07
2	Primary_dilated_cardiomyopathy	3.6372171146981645e-07
2	Paroxysmal_supraventricular_tachycardia	3.6227598622801215e-07
2	Abnormal_heart_morphology	3.6080077747008154e-07
2	Cardiac_arrhythmia	3.5705514496870665e-07
2	Ehlers_Danlos_syndrome	3.5586726776326415e-07
2	Hypogonadism	3.5570837039574175e-07
2	Contact_dermatitis	3.5314588831870353e-07
2	Primary_ciliary_dyskinesia_29	3.5151592806277754e-07
2	Bent_bone_dysplasia_syndrome_1	3.514893405714087e-07
2	Pulmonary_fibrosis	3.483950964358376e-07
2	Growth_Disorders	3.4678577730143963e-07
2	Acromesomelic_dysplasia_1_Maroteaux_type	3.463954829829907e-07
2	Multiple_sclerosis	3.458595049894279e-07
2	Diarrhea	3.427275575392691e-07
2	Attention_deficit_hyperactivity_disorder	3.4056416288502395e-07
2	Endometrium_neoplasm	3.375639984400915e-07
2	Myopathy_centronuclear_2	3.3709754774732284e-07
2	Blindness	3.330607074180491e-07
2	Myocardial_infarction	3.3234410487488194e-07
2	Vomiting	3.2270242211178166e-07
2	Parkinson_disease	3.194585484642267e-07
2	Atelosteogenesis_type_III	3.104885250165901e-07
2	Atelosteogenesis_type_I	3.0977274776420717e-07
2	Crohn_disease_associated_growth_failure_susceptibility_to	3.0454269610267975e-07
2	Hemorrhoid	3.0291900579683656e-07
2	Gastroesophageal_reflux_disease	3.025150620412419e-07
2	Infectious_disease_of_lung	3.019619713287473e-07
2	Medulloblastoma	2.9994053716140167e-07
2	Waardenburg_syndrome_type_3	2.996706808427895e-07
2	Growth_retardation	2.9873178816496745e-07
2	Malignant_lymphoma_large_B_cell_diffuse	2.9775439340106145e-07
2	Cataract_36	2.8945267733843626e-07
2	Leukemia_acute_myeloid_susceptibility_to	2.8914484937479135e-07
2	Warburg_micro_syndrome_3	2.868878010467256e-07
2	Keloid	2.8674803408001244e-07
2	Growth_failure	2.8605423899312746e-07
2	Abdominal_pain	2.8126815909822477e-07
2	Congenital_afibrinogenemia	2.676349107272755e-07
2	Cone_monochromatism	2.675883353790557e-07
2	Blau_syndrome	2.664420116154611e-07
2	B_cell_chronic_lymphocytic_leukemia	2.6575631770190825e-07
2	Bronchiectasis	2.648186933729169e-07
2	Autosomal_recessive_cutis_laxa_type_2B	2.6043280591637066e-07
2	Myalgia	2.582067696219168e-07
2	Tetralogy_of_Fallot	2.5775718671285113e-07
2	Heartburn	2.487638913448181e-07
2	Male_infertility	2.4645382867659023e-07
2	Gingival_disorder	2.4531895095667504e-07
2	Colorectal_carcinoma	2.435078519432772e-07
2	Biliary_cirrhosis	2.4337849584009283e-07
2	Leukemia	2.4103542481481665e-07
2	Renal_insufficiency	2.3745336737611626e-07
2	Neuroblastoma	2.3482834573953613e-07
2	Kidney_failure	2.3476843101999398e-07
2	Hyperpigmentation_of_the_skin	2.3429690175977263e-07
2	Stargardt_disease_3	2.341548340179535e-07
2	Ankylosing_spondylitis	2.341323247637878e-07
2	Atrial_fibrillation	2.3329917480646335e-07
2	Pontocerebellar_hypoplasia_type_2A	2.3285322848253122e-07
2	Hereditary_spastic_paraplegia_33	2.3270135594828486e-07
2	Periodontitis	2.3261898462833446e-07
2	Orofacial_cleft_11	2.3113197030773618e-07
2	Congenital_healed_cleft_lip	2.3053163096741996e-07
2	Kennedy_disease	2.2559019852143285e-07
2	Holoprosencephaly_2	2.2539447346383988e-07
2	Acute_coronary_syndrome	2.2448939889382303e-07
2	Diabetic_kidney_disease	2.2394964969714495e-07
2	Burkitt_lymphoma	2.2276474188795346e-07
2	Osteogenesis_imperfecta_type_10	2.2267791706782197e-07
2	Hypoglycemia	2.2003792923620584e-07
2	Osteosarcoma	2.1817053284478545e-07
2	Hypertrophic_cardiomyopathy	2.1712449636052912e-07
2	Neoplasm_of_brain	2.1699742532156748e-07
2	Dyspnea	2.1562775576738772e-07
2	Edema	2.1465177314767766e-07
2	Stevens_Johnson_syndrome	2.138636214087169e-07
2	Holoprosencephaly_9	2.130859933018043e-07
2	Pancreatitis	2.1142296885693118e-07
2	Infantile_GM1_gangliosidosis	2.1005576203903628e-07
2	Celiac_disease	2.0980479410772336e-07
2	De_la_Chapelle_dysplasia	2.0951897683042703e-07
2	Atelosteogenesis_type_II	2.093709648393816e-07
2	Rectal_neoplasm	2.0923288449877507e-07
2	Retinitis_pigmentosa_27	2.082160931057826e-07
2	Follicular_lymphoma	2.072356770944644e-07
2	Retinitis_pigmentosa_13	2.0472600437641622e-07
2	Retinitis_pigmentosa_9	2.04356286875411e-07
2	Pontocerebellar_hypoplasia_type_1B	2.0434172252086845e-07
2	Wilson_disease	2.0270911306201576e-07
2	Thyroid_tumor	2.025100463668426e-07
2	Retinitis_pigmentosa_11	2.023740398734127e-07
2	Pain	2.0230906822113915e-07
2	Hyperlipidemia	2.020525698431584e-07
2	Huntington_disease	2.013099343447823e-07
2	Cough	1.998628419164154e-07
2	Myelodysplastic_syndrome	1.996990045305593e-07
2	Premature_birth_of_newborn	1.9714466093687815e-07
2	Focal_segmental_glomerulosclerosis	1.9690881151507823e-07
2	Premature_birth	1.9591599405237448e-07
2	Squamous_cell_carcinoma_of_the_head_and_neck	1.940629021784889e-07
2	Diabetes_mellitus_type_1	1.9020529792911708e-07
2	Classic_Hodgkin_lymphoma	1.8932195794665488e-07
2	Familial_multiple_polyposis_syndrome	1.8824675376830918e-07
2	Headache	1.8758198434008573e-07
2	Atherosclerosis	1.8702739759932304e-07
2	Bradycardia	1.8635250390458563e-07
2	Basal_cell_carcinoma	1.855548323051257e-07
2	Acrodysostosis_2_with_or_without_hormone_resistance	1.8267884815010437e-07
2	Pulmonary_venoocclusive_disease_1	1.8115237620726043e-07
2	Ovarian_cyst	1.8081707527109038e-07
2	Lymphoma	1.8077857820962455e-07
2	Liver_failure	1.806318675790848e-07
2	Nail_dystrophy	1.806257708203713e-07
2	Ichthyosis	1.7975076010777905e-07
2	Sezary_syndrome	1.7926309162835016e-07
2	Parkinsonian_disorder	1.7693315868248928e-07
2	Blepharitis	1.7541206719990739e-07
2	X_linked_Opitz_G/BBB_syndrome	1.7388360894927017e-07
2	Chronic_diarrhea	1.720374229950756e-07
2	Myeloid_leukemia	1.7198600261946537e-07
2	Holocarboxylase_synthetase_deficiency	1.7008945071610376e-07
2	Obsessive_compulsive_disorder	1.6986884692044878e-07
2	Dermatitis	1.682398314570699e-07
2	Adrenal_cortex_carcinoma	1.664792448039416e-07
2	Thanatophoric_dysplasia_type_1	1.657316105876013e-07
2	Vascular_disorder	1.646806460775927e-07
2	Paroxysmal_nocturnal_hemoglobinuria	1.6436313710367497e-07
2	Multiple_myeloma	1.6427372791806645e-07
2	Disorder_of_orbital_region	1.6391245398769367e-07
2	Dementia	1.638251306080656e-07
2	Precocious_puberty	1.637318249402603e-07
2	Head_and_neck_neoplasm	1.6252525907005282e-07
2	Chronic_renal_failure_syndrome	1.6206032754892574e-07
2	Meningitis	1.6170040989682295e-07
2	Nephroblastoma	1.6120793354595555e-07
2	Bilateral_tonic_clonic_seizure	1.6081621957214768e-07
2	Hyperinsulinemia	1.5998953507886546e-07
2	Erythroderma	1.5997159082407316e-07
2	Coarctation_of_aorta	1.5704721887805475e-07
2	Ventricular_tachycardia	1.5476578054576167e-07
2	Increased_intracranial_pressure	1.5423456345816953e-07
2	Cachexia	1.540724970425115e-07
2	Movement_disorder	1.5388077578752203e-07
2	Acne	1.5269480027433724e-07
2	Age_related_macular_degeneration_13	1.5188549310005786e-07
2	Otitis_media	1.518827715814481e-07
2	Airway_hyperresponsiveness	1.5171665730952025e-07
2	Hypothyroidism	1.4931543059221215e-07
2	Arthritis	1.4807269183335183e-07
2	Hereditary_spastic_paraplegia_30	1.4802718540964865e-07
2	Allergic_rhinitis	1.4723944184317153e-07
2	Esotropia	1.4497615570383315e-07
2	Essential_hypertension	1.445732140157381e-07
2	Ulcer_disease	1.4414187061735128e-07
2	Angle_closure_glaucoma	1.44045600288553e-07
2	Congenital_bile_acid_synthesis_defect_3	1.4269470623081215e-07
2	Thyroiditis	1.4193242739352316e-07
2	Lung_adenocarcinoma	1.4172236320010362e-07
2	Abnormality_of_the_coagulation_cascade	1.4094376199178193e-07
2	Anorexia	1.4042931385884087e-07
2	Hypercalcemia	1.3985567996810938e-07
2	Gastrointestinal_hemorrhage	1.3981825553601162e-07
2	Emphysema	1.3979635984673484e-07
2	Female_infertility	1.373433685756998e-07
2	Cholangitis	1.3679137573997831e-07
2	Epilepsy_with_generalized_tonic_clonic_seizures	1.3496252770131238e-07
2	Noonan_syndrome	1.3491697087398777e-07
2	Renal_neoplasm	1.348129258075909e-07
2	Colon_cancer	1.3369138534986968e-07
2	Amblyopia	1.3205439934531293e-07
2	Hyperplasia	1.3198367096788937e-07
2	Germ_cell_tumor_of_testis	1.3153583096667647e-07
2	Hemorrhage	1.3140689689971612e-07
2	Chronic_schizophrenia	1.3137679677633553e-07
2	Lung_cancer	1.3074219163845966e-07
2	Citrullinemia_type_II	1.306134770944055e-07
2	Xerostomia	1.3038378916708724e-07
2	Hypercholesterolemia	1.29025858528877e-07
2	Lung_cancer_protection_against	1.2869979160567397e-07
2	Amyloidosis	1.2848176975351427e-07
2	Non_Hodgkin_lymphoma	1.2847543165774548e-07
2	Hashimoto_thyroiditis	1.2836519573891548e-07
2	Autoimmune_thrombocytopenic_purpura	1.2777843220063391e-07
2	Amyotrophic_lateral_sclerosis	1.2723238073845292e-07
2	Chronic_obstructive_pulmonary_disease	1.2669134557446252e-07
2	Pulmonary_embolism	1.2612802543642636e-07
2	Sarcoma	1.2587039560001996e-07
2	Cholelithiasis	1.232935219550232e-07
2	Minimally_invasive_lung_adenocarcinoma	1.2287090095502454e-07
2	Ventricular_fibrillation	1.2284755292639443e-07
2	Menorrhagia	1.204961815699034e-07
2	Hypergonadotropic_hypogonadism	1.1941771507413382e-07
2	Chondrosarcoma	1.1902274058436668e-07
2	Multiple_congenital_exostosis	1.1847611771993848e-07
2	Schizoaffective_disorder	1.1736678216871217e-07
2	Infertility_disorder	1.1731082485372452e-07
2	Idiopathic_Pulmonary_Fibrosis	1.1682089254768841e-07
2	Hemorrhagic_disease	1.1629461029333123e-07
2	Absence_seizure	1.1580131603763607e-07
2	Autoimmune_hemolytic_anemia	1.1560666312996598e-07
2	Intracranial_swelling	1.1522030683303596e-07
2	Alopecia_areata	1.1500952225723289e-07
2	Graves_disease	1.134850863912137e-07
2	Gastric_carcinoma	1.1317032076384768e-07
2	Pontocerebellar_hypoplasia_type_4	1.1244985760679154e-07
2	Uveitis	1.1182751256932366e-07
2	Vasculitis	1.1051811727874229e-07
2	Methylmalonic_acidemia	1.1049866423003377e-07
2	Obstructive_sleep_apnea_syndrome	1.1020278921851609e-07
2	T_cell_acute_lymphoblastic_leukemia	1.0999283154921101e-07
2	myoclonic_epilepsy	1.082066828840237e-07
2	Interstitial_lung_disease_due_to_ABCA3_deficiency	1.0725684401776602e-07
2	Adrenal_cortical_hypofunction	1.0722825538861114e-07
2	Breast_carcinoma	1.0695846131020356e-07
2	Prostatitis	1.0679168497996034e-07
2	Mucopolysaccharidosis_type_6	1.0641249768416146e-07
2	Urinary_bladder_inflammation	1.0630096185817431e-07
2	Venous_thrombosis	1.0529459859710487e-07
2	Bone_Paget_disease	1.0417069238802976e-07
2	Cerebral_ischemia	1.0397938128226608e-07
2	Primary_adrenocortical_insufficiency	1.0274833612759609e-07
2	TYPE_2_DIABETES_MELLITUS_PROTECTION_AGAINST	1.0211862899600082e-07
2	Bronchial_hyperreactivity	1.0205156405122082e-07
2	Acute_lymphoid_leukemia	1.0101334861193683e-07
2	Essential_thrombocythemia	1.0085918985860637e-07
2	Infection_of_bone	1.0053129047351884e-07
2	Uremia	1.0041688100299088e-07
2	GASTRIC_CANCER_INTESTINAL	1.0039188276185203e-07
2	IgE_mediated_allergic_disorder	9.989070960224979e-08
2	Abnormal_left_ventricular_function	9.986828882349445e-08
2	Onychomycosis	9.962586779466818e-08
2	Hepatoblastoma	9.854789224731208e-08
2	Insomnia	9.7798206222965e-08
2	Epididymitis	9.663899024425391e-08
2	Systemic_sclerosis	9.634203847629689e-08
2	Malignant_tumor_of_prostate	9.628836903154577e-08
2	Insulin_resistance_susceptibility_to	9.620643646125637e-08
2	Sleep_wake_disorder	9.467442865755597e-08
2	Myositis_disease	9.356213842065279e-08
2	Hyperglycemia	9.334529133810355e-08
2	Pimple	9.331369679877603e-08
2	Transitional_cell_carcinoma	9.31635005268884e-08
2	Anxiety_disorder	9.189739112524291e-08
2	Gingivostomatitis	9.158353275765576e-08
2	Neuralgia	9.148009942544695e-08
2	Corneal_ulceration	9.144399260933829e-08
2	Hyperplasia_of_prostate	8.96501958807384e-08
2	Hepatoblastoma_Caused_By_Somatic_Mutation	8.931865092682195e-08
2	Cerebral_palsy	8.813844062419651e-08
2	Ischemic_disease	8.774577147058338e-08
2	Hyperphosphatemia	8.705941772811856e-08
2	Gastric_ulcer	8.583603513135832e-08
2	Hemangioma	8.557473011595776e-08
2	Alcohol_withdrawal	8.535597665357116e-08
2	Dyslipidemia	8.476516736489883e-08
2	Premature_ventricular_contraction	8.398104865615905e-08
2	Gastric_cancer	8.3958720173027e-08
2	RAB23_related_Carpenter_syndrome	8.389463964833785e-08
2	Ventricular_arrhythmia	8.336911062614278e-08
2	Hypocalcemia	8.260803680903517e-08
2	Nephritis	8.259814772711893e-08
2	Seborrheic_dermatitis	8.258883867801047e-08
2	Hematologic_neoplasm	8.2467668135632e-08
2	Glucose_intolerance	8.166916532249139e-08
2	Kidney_damage	8.092619473652729e-08
2	Interstitial_cystitis	8.086502061444003e-08
2	Carcinoma_Pancreatic_Ductal	8.050675282729101e-08
2	Keratitis	8.046731590534119e-08
2	Open_angle_glaucoma	8.032358422337921e-08
2	Dizziness	8.014002609508808e-08
2	Osteogenesis_imperfecta_type_11	7.920569499998848e-08
2	Bruck_syndrome_1	7.920569499998848e-08
2	Osteomyelitis	7.786961787653697e-08
2	Urinary_urgency	7.678741418200129e-08
2	Paroxysmal_dyspnea	7.664588294579042e-08
2	Preeclampsia	7.571235817703838e-08
2	Adrenal_insufficiency	7.570920757713034e-08
2	Chorea	7.518831601158437e-08
2	Solar_lentigo	7.492766082208921e-08
2	Diamond_Blackfan_anemia	7.467257481655349e-08
2	Orthostatic_hypotension	7.437737119244623e-08
2	Acromegaly	7.424702380400012e-08
2	Varicose_disease	7.334682664000917e-08
2	Pheochromocytoma	7.297295088768406e-08
2	Seasonal_affective_disorder	7.252765977517804e-08
2	Atrioventricular_block	7.223262137702787e-08
2	Sepsis	7.198605928437785e-08
2	Bipolar_depression	7.166233166940607e-08
2	Diabetic_retinopathy	7.141149162865073e-08
2	Attenuated_familial_adenomatous_polyposis	7.111618281909743e-08
2	Lower_respiratory_tract_infection	7.080181875203912e-08
2	Papillary_thyroid_carcinoma	7.077885853316966e-08
2	Mastocytosis	7.076700292519742e-08
2	Hypopituitarism	7.060654079333065e-08
2	Macular_degeneration	7.034060944929598e-08
2	Diabetes_insipidus	6.998605556762952e-08
2	Asthma_diminished_response_to_antileukotriene_treatment_in	6.958852116752128e-08
2	Cardiac_arrest	6.92814961821598e-08
2	Temporal_lobe_epilepsy	6.927287303411962e-08
2	Hypokalemia	6.852300116363699e-08
2	Left_heart_failure	6.823463648381446e-08
2	Intellectual_disability_X_linked_63	6.767657780346393e-08
2	Angina_pectoris	6.767511972175277e-08
2	Asthma_protection_against	6.721764953450153e-08
2	Torsades_de_pointes	6.70719195503811e-08
2	Pyelonephritis	6.67677806121198e-08
2	Leukocytosis	6.663302579772272e-08
2	ADENOMA_PERIAMPULLARY_SOMATIC	6.634299313756208e-08
2	Extrapyramidal_disease	6.632621458412295e-08
2	Otospondylomegaepiphyseal_dysplasia,_autosomal_recessive	6.614073778392796e-08
2	Peripheral_vascular_disease	6.60065419123078e-08
2	West_syndrome	6.587487143421643e-08
2	Thromboembolism	6.556399299960467e-08
2	Febrile_seizure_within_the_age_range_of_3_months_to_6_years	6.551695369251535e-08
2	Loss_of_voice	6.536355789257511e-08
2	Stomatitis	6.486686318107097e-08
2	Septic_shock	6.476699478276189e-08
2	Neurofibromatosis,_type_2	6.463768499700887e-08
2	Amyloidosis_primary_localized_cutaneous_1	6.431523870697624e-08
2	Surfactant_metabolism_dysfunction,_pulmonary,_4	6.422266268104497e-08
2	Ascites	6.403018853136471e-08
2	Van_Maldergem_syndrome_1	6.390311634912413e-08
2	Stage_5_chronic_kidney_disease	6.290110599064213e-08
2	Thrombocytosis	6.225610761745415e-08
2	Gastrointestinal_stromal_tumor	6.221038516247302e-08
2	Inherited_susceptibility_to_asthma	6.197608581811671e-08
2	Hypertrichosis	6.162752078581571e-08
2	Syndromic_X-linked_intellectual_disability_Nascimento_type	6.155990233497541e-08
2	Gout	6.131757129666376e-08
2	Chronic_lung_disease	6.101480787503201e-08
2	Hyponatremia	6.091658421325164e-08
2	Leanness_inherited	6.021091272708547e-08
2	Coronary_heart_disease	5.987164645997856e-08
2	Orchitis	5.986785376869117e-08
2	Brain_tumor_polyposis_syndrome_2	5.973852817252305e-08
2	Atonic_seizure	5.958303858971751e-08
2	Hyperplasia_of_the_endometrium	5.9230605137099e-08
2	Dermatomyositis	5.915851241246032e-08
2	Peripheral_T_cell_lymphoma	5.89409009560348e-08
2	Generalized_onset_seizure	5.880205978878748e-08
2	Ellis_van_Creveld_syndrome	5.866213820572899e-08
2	Complex_Partial_Seizure	5.845195381045242e-08
2	Subarachnoid_hemorrhage	5.8371806774163364e-08
2	Peritonitis	5.791632470404237e-08
2	Rosacea	5.7862854149409035e-08
2	Prolactin_producing_pituitary_gland_adenoma	5.763854145683426e-08
2	Synovitis	5.7569901751067724e-08
2	Ewing_sarcoma	5.7331377271286584e-08
2	Chronic_bronchitis	5.697855630703275e-08
2	Renal_tubular_acidosis	5.6424534432437604e-08
2	Trigeminal_neuralgia	5.595207089273528e-08
2	Dacryocystitis	5.5781112592394916e-08
2	Thrombophilia	5.524766437239351e-08
2	Hyperkalemia	5.4937175135651556e-08
2	Malignant_hyperthermia_of_anesthesia	5.4924680099526266e-08
2	Lymphoid_leukemia	5.443369287335654e-08
2	Paroxysmal_atrial_fibrillation	5.407274771158919e-08
2	Panic_disorder	5.40143620427964e-08
2	Hb_SS_disease	5.400109021422619e-08
2	Rhabdomyosarcoma	5.350979730691602e-08
2	Duodenal_ulcer	5.30407634483313e-08
2	Premature_ovarian_insufficiency	5.235776648351777e-08
2	Abdominal_obesity	5.2282997120162835e-08
2	Cerebral_edema	5.1956471262063484e-08
2	Wolff_Parkinson_White_pattern	5.161951871937763e-08
2	Bronze_diabetes	5.1486804072411424e-08
2	Acute_monocytic_leukemia	5.111960054350741e-08
2	Charcot_Marie_Tooth_disease_dominant_intermediate_F	5.0931379908381896e-08
2	Spinocerebellar_atrophy	5.08246996354968e-08
2	Ependymoma	5.081523847081682e-08
2	Restless_legs	5.053957109305641e-08
2	Testicular_neoplasm	5.038061929970162e-08
2	Focal_segmental_glomerulosclerosis_4_susceptibility_to	5.018440685690835e-08
2	Ischemic_stroke	4.977935749378004e-08
2	Renovascular_hypertension	4.971158653009003e-08
2	Streptococcal_pneumonia	4.9483850551463626e-08
2	Neoplasm_of_uterus	4.947755250851849e-08
2	Aplastic_anemia	4.93017661175305e-08
2	Familial_hemophagocytic_lymphohistiocytosis_4	4.914696381484096e-08
2	Esophagitis	4.891996121207063e-08
2	Mycosis_fungoides	4.871557460767508e-08
2	Malnutrition	4.8681657407802595e-08
2	Oligomenorrhea	4.860727939642455e-08
2	Premature_ovarian_failure	4.860618582864249e-08
2	Arrhythmogenic_right_ventricular_dysplasia_8	4.8565975781843374e-08
2	Levy_Hollister_syndrome	4.7889966091246356e-08
2	B_cell_lymphoma	4.785073523431034e-08
2	Hepatic_encephalopathy	4.7578619706690473e-08
2	Aphthous_stomatitis	4.7368013274450505e-08
2	Autosomal_dominant_polycystic_kidney_disease	4.714001791897682e-08
2	Encephalitis	4.674478911453541e-08
2	Duchenne_muscular_dystrophy	4.668681496349599e-08
2	Agitation	4.6633410897228e-08
2	Lennox_Gastaut_syndrome	4.603127688242739e-08
2	Familial_meningioma	4.5900707668137125e-08
2	Alternating_hemiplegia_of_childhood_2	4.566830471904684e-08
2	Hyperprolactinemia	4.554418647824533e-08
2	Keratosis	4.534310812809252e-08
2	Postoperative_complication	4.517463008390354e-08
2	Dysuria	4.493852435504896e-08
2	Myasthenia_gravis	4.4869910760137255e-08
2	Glioblastoma_multiforme	4.428686174550649e-08
2	Sjogren_syndrome	4.423376387465216e-08
2	Diabetic_neuropathy	4.386913523332875e-08
2	Cerebral_Ischemias_Transient	4.365437642769811e-08
2	Behcet_disease	4.3242638985189655e-08
2	Cataract_21_multiple_types	4.3051998902086185e-08
2	Cystic_fibrosis	4.291856012290753e-08
2	Gingivitis	4.287440058584562e-08
2	Autosomal_recessive_limb_girdle_muscular_dystrophy_type_2E	4.2799952578529224e-08
2	Rickets	4.24028546707202e-08
2	Type_1_diabetes_mellitus_1	4.198380483801546e-08
2	Mixed_anxiety_and_depressive_disorder	4.1889477609453105e-08
2	Herpes_simplex_encephalitis	4.18476212794151e-08
2	Congenital_hypothyroidism	4.176190007066277e-08
2	Bronchiolitis	4.123944729198946e-08
2	Osteogenesis_imperfecta	4.08534332877704e-08
2	Cataplexy_and_narcolepsy	4.0845372945301235e-08
2	Kaposi_sarcoma	4.064532631874984e-08
2	Alzheimer_disease_type_1	4.049580163557915e-08
2	Hereditary_spastic_paraplegia_26	4.040535327179141e-08
2	EXCESS_LMW_DNA	4.0400779282775456e-08
2	Nasal_polyposis	4.024912123673872e-08
2	Pleural_effusion	3.999222843677049e-08
2	Tuberculosis	3.991342221086993e-08
2	Oral_ulcer	3.974996422122281e-08
2	Serum_sickness	3.970886310228703e-08
2	Postmenopausal_osteoporosis	3.968495888095274e-08
2	Age_related_macular_degeneration	3.962931606758043e-08
2	Craniometaphyseal_dysplasia_autosomal_dominant	3.9478972272468195e-08
2	Chondrocalcinosis_2	3.9478972272468195e-08
2	Hyperparathyroidism	3.934997843021741e-08
2	Ventricular_Dysfunction	3.934235426262629e-08
2	Atypical_absence_seizure	3.9213839564716695e-08
2	Laryngeal_edema	3.919326598163531e-08
2	Bone_Neoplasm	3.877783556572559e-08
2	Lymphatic_malformation_4	3.867535541815293e-08
2	Alzheimer_disease_early_onset_with_cerebral_amyloid_angiopathy	3.867299425942753e-08
2	Arterial_tortuosity_syndrome	3.866706931084815e-08
2	Hyperaldosteronism	3.86255649471265e-08
2	Paronychia	3.8570807045830554e-08
2	Hypophosphatemia	3.839136964996657e-08
2	Sinus_bradycardia	3.8371540723792294e-08
2	Alzheimer_disease_protection_against	3.805392258614235e-08
2	Hyperuricemia	3.764436053943936e-08
2	Deep_venous_thrombosis	3.762565225239154e-08
2	Ectopic_ossification	3.7563567806715717e-08
2	Tetany	3.7412566144077855e-08
2	Hypoalphalipoproteinemia	3.739059946360662e-08
2	Reduced_circulating_vitamin_A_concentration	3.7231010426332376e-08
2	Acute_myelomonocytic_leukemia_M4	3.701488098490271e-08
2	Hyperthyroidism	3.6511017762926345e-08
2	Synpolydactyly_type_2	3.63052770680044e-08
2	Episcleritis	3.629667822391346e-08
2	Immunodeficiency_common_variable_7	3.616170559907546e-08
2	Chronic_myelomonocytic_leukemia	3.615960130342795e-08
2	Peripheral_arterial_disease	3.6024458648372857e-08
2	Congenital_adrenal_hyperplasia	3.593537437000762e-08
2	Disorder_of_biliary_tract	3.585696502390754e-08
2	Neuronopathy_distal_hereditary_motor_type_2A	3.58429586457344e-08
2	Charcot_Marie_Tooth_disease_axonal_type_2L	3.58429586457344e-08
2	Goiter	3.583201218143222e-08
2	Dry_eye_syndrome	3.577360272975812e-08
2	Gangrene	3.5611386720540975e-08
2	Zollinger_Ellison_syndrome	3.555364745724273e-08
2	Decreased_pulmonary_function	3.550358366675318e-08
2	Aplasia_Cutis_Congenita_Congenital_Heart_Defect_And_Frontonasal_Cysts	3.538245633624348e-08
2	Adams_Oliver_syndrome_1	3.538245633624348e-08
2	Keratosis_follicularis	3.511151204933191e-08
2	B4GALT1_congenital_disorder_of_glycosylation	3.509672371231174e-08
2	Amenorrhea	3.5056071863695454e-08
2	Charcot_Marie_Tooth_disease_type_4D	3.5017792738308926e-08
2	Primary_biliary_cholangitis	3.5014190745950596e-08
2	Orofacial_cleft_10	3.498373738224187e-08
2	Cellulitis	3.4830065983205e-08
2	Malignant_hypertension	3.4782995551365664e-08
2	Osteomalacia	3.476900331192291e-08
2	Blast_phase_chronic_myelogenous_leukemia_BCR_ABL1_positive	3.4519263325150915e-08
2	Pseudoxanthoma_elasticum	3.4447466790410595e-08
2	Hypoparathyroidism	3.435533219261649e-08
2	Drug_induced_dyskinesia	3.428061783666737e-08
2	Premature_labor	3.423093876405324e-08
2	Pseudoxanthoma_elasticum_modifier_of_severity_of	3.418921804269515e-08
2	Attention_Deficit_and_Disruptive_Behavior_Disorders	3.3932046890776346e-08
2	Carcinogenesis	3.389058804287288e-08
2	Gouty_arthropathy	3.348048682865263e-08
2	Cholecystitis	3.3213095177548014e-08
2	Autosomal_recessive_nonsyndromic_hearing_loss_8	3.29632685385457e-08
2	Intellectual_disability_facial_dysmorphism_syndrome_due_to_SETD5_haploinsufficiency	3.2768441339803305e-08
2	Brachydactyly_type_B1	3.274655529952187e-08
2	Hereditary_spastic_paraplegia_56	3.2619294867831746e-08
2	Gastritis	3.25202017876199e-08
2	Peripheral_arterial_occlusive_disease	3.227551785967761e-08
2	Methemoglobinemia	3.2215096954051e-08
2	Familial_hypercholesterolemia	3.202685886916409e-08
2	Schistosomiasis	3.192975720773744e-08
2	Iron_deficiency_anemia	3.1852870587911387e-08
2	Chronic_discoid_lupus_erythematosus	3.1835021038013856e-08
2	Muscle_spasm	3.183450319995088e-08
2	Megaloblastic_anemia	3.166821099912744e-08
2	Anaphylaxis	3.159807299558828e-08
2	Malignant_tumor_of_urinary_bladder	3.1456533786604434e-08
2	Type_A2_brachydactyly	3.138948773235319e-08
2	Autosomal_recessive_severe_congenital_neutropenia_due_to_G6PC3_deficiency	3.13609044499488e-08
2	Joint_hemorrhage	3.129400349702743e-08
2	Emery_Dreifuss_muscular_dystrophy_1_X_linked	3.097302877888507e-08
2	Pericarditis	3.084835312624428e-08
2	Benign_essential_blepharospasm	3.081222597774428e-08
2	Zellweger_spectrum_disorders	3.068002511975253e-08
2	Wernicke_Korsakoff_syndrome	3.0615837816379757e-08
2	Supraventricular_arrhythmia	3.056323612948277e-08
2	Intellectual_disability_autosomal_recessive_7	3.019427134590555e-08
2	Hypomagnesemia	3.006855859725191e-08
2	Autosomal_recessive_nonsyndromic_hearing_loss_24	3.003694232112721e-08
2	Small_Cell_Neuroendocrine_Carcinoma	3.00011002869379e-08
2	GASTRIC_CARDIA_ADENOCARCINOMA_SUSCEPTIBILITY_TO	2.9954151134371735e-08
2	Spondylolysis	2.9626133783064046e-08
2	Central_precocious_puberty	2.962482444751817e-08
2	Hyperlipoproteinemia	2.9587591804063884e-08
2	Hirschsprung_disease_susceptibility_to_2	2.9429592990713887e-08
2	Waardenburg_syndrome_type_4A	2.9429592990713887e-08
2	Hypereosinophilic_syndrome	2.9347249592038282e-08
2	ABCD_syndrome	2.9296128319365925e-08
2	Chlamydial_infection	2.924134540139542e-08
2	Focal_segmental_glomerulosclerosis_6	2.92372341549816e-08
2	Airway_obstruction	2.8832774901433488e-08
2	Hypertensive_crisis	2.8607111344195618e-08
2	Ovarian_cancer	2.84671727012885e-08
2	X_linked_intellectual_disability_cardiomegaly_congestive_heart_failure_syndrome	2.8357374107131692e-08
2	AERODIGESTIVE_TRACT_CANCER_SUSCEPTIBILITY_TO	2.8333937699759667e-08
2	Brain_small_vessel_disease_1_with_or_without_ocular_anomalies	2.8314527772869377e-08
2	Vitamin_K_deficiency	2.8143188669233598e-08
2	Adrenoleukodystrophy	2.7929537948972248e-08
2	Adrenomyeloneuropathy	2.790937777002706e-08
2	Alcohol_withdrawal_delirium	2.786763780251223e-08
2	Severe_major_depression_with_psychotic_features	2.7823924774035473e-08
2	Hyperphenylalaninemia	2.7781194442405912e-08
2	Purine_nucleoside_phosphorylase_deficiency	2.764550148020117e-08
2	Exostoses_multiple_type_2	2.752279008266137e-08
2	ESCC_SUSCEPTIBILITY_TO	2.746657887004349e-08
2	Neovascularization	2.740477326895411e-08
2	Nocturia	2.7256850653219513e-08
2	Alveolar_rhabdomyosarcoma	2.7201065145079384e-08
2	Hypercholesterolemia_familial_1	2.7134710627701824e-08
2	Acute_myeloblastic_leukemia_without_maturation	2.711118890075555e-08
2	Carcinoma_of_esophagus	2.7090389243425455e-08
2	Lynch_syndrome_8	2.6901929948998018e-08
2	Stargardt_disease	2.6866715723745105e-08
2	FG_syndrome_2	2.6798492984484273e-08
2	Heterotopia_Periventricular_Nodular_with_Frontometaphyseal_Dysplasia	2.6798492984484273e-08
2	Heterotopia_periventricular_X_linked_dominant	2.6798492984484273e-08
2	Niemann_Pick_disease_type_C	2.6713612368615585e-08
2	Arginine:glycine_amidinotransferase_deficiency	2.6624691771346744e-08
2	CRANIOSYNOSTOSIS_4	2.6504299313949575e-08
2	Larsen_syndrome	2.6378167405403068e-08
2	Decreased_circulating_vitamin_D_concentration	2.6272652961995003e-08
2	Focal_segmental_glomerulosclerosis_1	2.626652042114262e-08
2	Waardenburg_syndrome_type_1	2.6260583769497234e-08
2	Erysipelas	2.6082294986501666e-08
2	Dentin_dysplasia_type_I	2.606467419296826e-08
2	Dentin_dysplasia_type_I_with_extreme_microdontia_and_misshapen_teeth	2.606467419296826e-08
2	Porphyria_cutanea_tarda	2.603137394538657e-08
2	Systemic_mast_cell_disease	2.5859771517292535e-08
2	Disseminated_intravascular_coagulation	2.585936162375175e-08
2	Low_back_pain	2.5846803713161643e-08
2	Urinary_retention	2.5840065649909927e-08
2	Pancreatic_insulinoma	2.580034682067575e-08
2	Severe_myoclonic_epilepsy_in_infancy	2.5692794805725875e-08
2	Saethre_Chotzen_syndrome_with_eyelid_anomalies	2.559866532405381e-08
2	Acquired_polycythemia_vera	2.5408943380374893e-08
2	Peroxisomal_disorder	2.5225295397446693e-08
2	Secondary_Parkinson_disease	2.5187700931198903e-08
2	Carcinoma_of_pancreas	2.5049692354073818e-08
2	Lissencephaly_type_3	2.5010450993592558e-08
2	AIDS_Related_Kaposi_Sarcoma	2.4840381162565113e-08
2	Keratoconjunctivitis_sicca	2.4784041610806975e-08
2	Boomerang_dysplasia	2.477592480839152e-08
2	Beta_thalassemia_major	2.4592539055265154e-08
2	Hereditary_sensory_and_autonomic_neuropathy_type_6	2.4557334843784123e-08
2	Trichorhinophalangeal_dysplasia_type_I	2.4518289691757085e-08
2	Shprintzen_Goldberg_syndrome	2.437244001904698e-08
2	Ullrich_congenital_muscular_dystrophy_1A	2.423346219618596e-08
2	Bethlem_myopathy	2.423346219618596e-08
2	Raynaud_disease	2.4183574943091963e-08
2	Giant_cell_arteritis	2.398439493895438e-08
2	Arrhythmogenic_right_ventricular_dysplasia_5	2.3905978400728265e-08
2	Emery_Dreifuss_muscular_dystrophy_7_autosomal_dominant	2.3904793496106246e-08
2	Recurrent_E._coli_infections	2.3879014927383415e-08
2	Saethre_Chotzen_syndrome	2.379684528031546e-08
2	Premature_rupture_of_membranes	2.37860575551638e-08
2	Subependymal_glioma	2.37247157360156e-08
2	Autosomal_recessive_nonsyndromic_hearing_loss_49	2.355859474810347e-08
2	Autosomal_recessive_limb_girdle_muscular_dystrophy_type_2P	2.351319126825818e-08
2	Nevus_sebaceous	2.342756010485665e-08
2	Lupus_nephritis	2.3323986621485077e-08
2	Precursor_Cell_Lymphoblastic_Leukemia_Lymphoma	2.326504329694395e-08
2	Neoplasm_of_the_pituitary_gland	2.3151871038654593e-08
2	Myelofibrosis	2.3129043994478016e-08
2	Syndromic_X_linked_intellectual_disability_Snyder_type	2.2970050596828622e-08
2	Porencephaly_2	2.2951498659706825e-08
2	Retinoblastoma	2.2923142387825478e-08
2	Cutis_laxa_autosomal_recessive_type_1A	2.281903555986723e-08
2	Cutis_laxa_autosomal_dominant_2	2.281903555986723e-08
2	Macular_degeneration_age_related_3	2.281903555986723e-08
2	Renal_hypertension	2.2769557672097157e-08
2	Familial_hemophagocytic_lymphohistiocytosis_5	2.272806303979137e-08
2	Hyperinsulinism_hyperammonemia_syndrome	2.2602255800867625e-08
2	Joubert_syndrome_8	2.253655501757484e-08
2	Duane_retraction_syndrome_2	2.2388200821163717e-08
2	Acute_leukemia	2.2357663138278055e-08
2	Arterial_thrombosis	2.232588834022673e-08
2	Cerebral_infarction	2.2270441125163615e-08
2	Dysthymic_disorder	2.2267056303907264e-08
2	LEUKEMIA_T_CELL_ACUTE_LYMPHOBLASTIC_SUSCEPTIBILITY_TO	2.2254008456609873e-08
2	Cornelia_de_Lange_syndrome_5	2.213996277462102e-08
2	Hypertrophic_cardiomyopathy_1	2.212768691541262e-08
2	Atypical_hemolytic_uremic_syndrome_with_thrombomodulin_anomaly	2.2093782084241046e-08
2	LEUKEMIA_ACUTE_LYMPHOBLASTIC_B_HYPERDIPLOID_SUSCEPTIBILITY_TO	2.2089551322375764e-08
2	Tuberous_sclerosis_2	2.2030931410858137e-08
2	Weaver_syndrome	2.2005882113198453e-08
2	Dilated_cardiomyopathy_1JJ	2.1992408050444624e-08
2	Focal_aware_seizure	2.1828137501783707e-08
2	Vogt_Cephalodactyly	2.180428528230884e-08
2	Bacterial_infection_of_skin	2.1790591339830765e-08
2	Vitreous_hemorrhage	2.1781366983266053e-08
2	Venous_thromboembolism	2.176411927440163e-08
2	Trichorhinophalangeal_syndrome_type_III	2.1758566438668176e-08
2	Cone_dystrophy_5_X_linked	2.1643916488923277e-08
2	Beare_Stevenson_cutis_gyrata_syndrome	2.1510586267619372e-08
2	Glioma_susceptibility_1	2.141191202081884e-08
2	Intermittent_claudication	2.137934396590022e-08
2	Intermediate_coronary_syndrome	2.1350563758037866e-08
2	Tourette_syndrome	2.127152246249016e-08
2	Urinary_tract_infectious_disease	2.1258949799108222e-08
2	Follicular_thyroid_carcinoma	2.117471082725199e-08
2	Atrial_flutter	2.1001887279326993e-08
2	Acrocephalosyndactyly_type_I	2.0978960891912736e-08
2	Spinal_cord_tumor	2.0966663391752775e-08
2	Common_variable_immunodeficiency	2.0759444821495953e-08
2	Joubert_syndrome_14	2.0624338182369888e-08
2	Infiltrating_duct_carcinoma_of_breast	2.056020150769518e-08
2	Androgen_insufficiency	2.046985207887359e-08
2	Spermatocytic_seminoma	2.0453452666375934e-08
2	Chronic_eosinophilic_leukemia	2.0440711269690272e-08
2	Hypersensitivity_pneumonitis	2.0408257116345162e-08
2	Antley_Bixler_syndrome_without_genital_anomalies_or_disordered_steroidogenesis	2.029144734102749e-08
2	Chronic_hepatitis_B_virus_infection	2.02368929454506e-08
2	Diaphyseal_dysplasia	2.0225891452675576e-08
2	Hereditary_spastic_paraplegia_28	2.0115703903043928e-08
2	Leiomyoma	2.0005351018235023e-08
2	Craniofacial_Dysostosis_Type_1	1.9996139770669884e-08
2	Seminoma	1.9987576064226393e-08
2	Uhl_anomaly	1.9964520109965863e-08
2	Leukemia_acute_lymphocytic_susceptibility_to_1	1.9917741046142782e-08
2	Tsc2_angiomyolipomas_renal_modifier_of	1.982806720782809e-08
2	Preeclampsia/eclampsia_4	1.9800841989964584e-08
2	LEUKEMIA_B_CELL_ACUTE_LYMPHOBLASTIC_SUSCEPTIBILITY_TO	1.9766386005938578e-08
2	Epidermal_nevus	1.9745971387276306e-08
2	Hemochromatosis_type_1	1.954532559382413e-08
2	Multiple_synostoses_syndrome_3	1.9448535785320987e-08
2	Juvenile_myelomonocytic_leukemia	1.9423487109750034e-08
2	Dejerine_Sottas_disease	1.8943455780544165e-08
2	Heart_block	1.887533637509789e-08
2	Pituitary_adenoma	1.881470485567341e-08
2	Sinoatrial_block	1.8685683841852276e-08
2	Cardiogenic_shock	1.8676901690091643e-08
2	Complement_component_7_deficiency	1.8664465411241117e-08
2	Thrombophlebitis	1.863588026015314e-08
2	Postherpetic_neuralgia	1.8602349911704752e-08
2	Optic_neuritis	1.8570769554979525e-08
2	Coronary_restenosis	1.855200006922324e-08
2	Niemann_Pick_disease_type_D	1.847067624912598e-08
2	Niemann_Pick_disease_type_C1	1.847067624912598e-08
2	Niemann_Pick_Disease_Nova_Scotian_Type	1.845659724176973e-08
2	Carcinoid_tumor	1.84402071567175e-08
2	Glioma_of_Brain_Familial	1.8367009935579867e-08
2	beta_Thalassemia	1.8366071341636426e-08
2	Osteogenesis_imperfecta_type_8	1.823704254947932e-08
2	Generalized_juvenile_polyposis/juvenile_polyposis_coli	1.8184378470220614e-08
2	Lymphatic_malformation_3	1.8160529585121868e-08
2	Persistent_fetal_circulation_syndrome	1.809647486885659e-08
2	Hereditary_spastic_paraplegia_44	1.808831928453317e-08
2	Warburg_micro_syndrome_1	1.8016767614078737e-08
2	Juvenile_polyposis_of_stomach	1.8008843506613604e-08
2	Triosephosphate_isomerase_deficiency	1.793970150106301e-08
2	Double_outlet_right_ventricle	1.789111893446315e-08
2	PYCR1_related_de_Barsy_syndrome	1.7847633600781783e-08
2	Arthrogryposis__oculomotor_limitation_electroretinal_anomalies_syndrome	1.7839525492213536e-08
2	Gordon_syndrome	1.7839525492213536e-08
2	Pettigrew_syndrome	1.7839357854939073e-08
2	Coronary_thrombosis	1.7797987390853474e-08
2	Ehlers_Danlos_syndrome_classic_type_1	1.7782465618599632e-08
2	Keratoconjunctivitis	1.7778094525893523e-08
2	Systemic_onset_juvenile_idiopathic_arthritis	1.764607062410874e-08
2	Pulmonary_hypertension_primary_2	1.7570350946678257e-08
2	Bruck_syndrome_2	1.753601364754285e-08
2	Hereditary_xanthinuria_type_1	1.7505802198916375e-08
2	Focal_dermal_hypoplasia	1.749560601202976e-08
2	Birk_Barel_syndrome	1.7386927915544276e-08
2	PWCR	1.7368652575654705e-08
2	Chronic_pain	1.7356581045774057e-08
2	Irregular_menstruation	1.725375950297374e-08
2	Bronchopulmonary_dysplasia_of_newborn	1.722739322395995e-08
2	Juvenile_polyposis_syndrome	1.722276084837056e-08
2	Coronary_artery_atherosclerosis	1.7151000031223248e-08
2	Systemic_onset_juvenile_chronic_arthritis	1.7127510934113012e-08
2	Neuropathy_hereditary_sensory_and_autonomic_type_2A	1.7103386277155227e-08
2	LEUKEMIA_ACUTE_LYMPHOBLASTIC_SUSCEPTIBILITY_TO_1	1.7084510642124335e-08
2	Induratio_penis_plastica	1.7065376343087365e-08
2	Kaposi_sarcoma_susceptibility_to	1.697263724579479e-08
2	Dilated_cardiomyopathy_1W	1.695517366439583e-08
2	Pontocerebellar_hypoplasia_type_5	1.6951571694898515e-08
2	Hypertrophic_cardiomyopathy_15	1.6870614872190314e-08
2	COCHLEOSACCULAR_DEGENERATION	1.6771270330935023e-08
2	Autosomal_dominant_nonsyndromic_hearing_loss_17	1.6764721542373882e-08
2	Osteoarthritis_knee	1.6647317995668365e-08
2	Fibrosarcoma	1.6645415561197826e-08
2	Lymphangiomyomatosis	1.6626717965589022e-08
2	Astrocytoma_anaplastic	1.6610929153203127e-08
2	LDLCQ2_disease	1.6587294727732356e-08
2	Bulimia_nervosa	1.6576859393304547e-08
2	Sjögren_Larsson_syndrome	1.6470359217265896e-08
2	Cutis_laxa_autosomal_recessive_type_1B	1.6456787705521063e-08
2	Cholestasis_progressive_familial_intrahepatic_4	1.6359887562801787e-08
2	Joubert_syndrome_12/15_digenic	1.635273783156417e-08
2	Noonan_syndrome_4	1.633732864969064e-08
2	Diffuse_gastric_and_lobular_breast_cancer_syndrome_with_cleft_lip_and_with_or_without_cleft_palate	1.629313796741956e-08
2	Persistent_Mullerian_duct_syndrome	1.6273836594040427e-08
2	Cushing_syndrome	1.627242245004529e-08
2	Homocystinuria	1.626035975722704e-08
2	Hypogonadotropic_hypogonadism_6_with_or_without_anosmia	1.624698590944691e-08
2	Wooly_hair_nevus	1.624206007574994e-08
2	Fracture_hip_susceptibility_to	1.603450092482206e-08
2	Leber_congenital_amaurosis_5	1.5913234707021108e-08
2	Erythropoietic_protoporphyria	1.5910117803662206e-08
2	Nongerminomatous_germ_cell_tumor	1.5896186306100533e-08
2	Pseudohypoparathyroidism	1.5822760152336253e-08
2	Glanzmann_thrombasthenia	1.5754112229452122e-08
2	Pulmonary_edema	1.5608937218768216e-08
2	Waldenstrom_macroglobulinemia	1.5577191508258645e-08
2	Testicular_teratoma	1.556000158852263e-08
2	Microphthalmia_with_brain_and_digit_anomalies	1.5499047876925035e-08
2	Thyrotoxicosis	1.5448304907329608e-08
2	CHARGE_association	1.5422085135936547e-08
2	Glycogen_storage_disease_type_VI	1.5380305830406677e-08
2	Immunodeficiency_common_variable_10	1.5317174008377232e-08
2	Craniofrontonasal_syndrome	1.5309356652056398e-08
2	Glycogen_storage_disease_type_V	1.5303367056209688e-08
2	Holoprosencephaly_11	1.527501751269102e-08
2	Mucopolysaccharidosis_MPS_II	1.5248105662621327e-08
2	ALCOHOL_DEPENDENCE_PROTECTION_AGAINST	1.5240178222656202e-08
2	Neurocirculatory_asthenia	1.522440919993145e-08
2	Hereditary_angioneurotic_edema	1.5196309102653265e-08
2	Aerodigestive_tract_cancer_squamous_cell_alcohol_related_protection_against	1.5157302213990763e-08
2	Spinocerebellar_ataxia_type_11	1.5153953853883485e-08
2	Schizophrenia_15	1.5120521297535678e-08
2	Deafness_digenic_GJB2/GJB3	1.5086214832596616e-08
2	Leigh_syndrome	1.5081813621294136e-08
2	Chronic_granulomatous_disease	1.5054307223488054e-08
2	EMBRYONAL_CELL_CARCINOMA	1.5027433372565554e-08
2	gastroenteritis	1.4953136259838932e-08
2	Yolk_sac_tumor	1.492463179452244e-08
2	Autosomal_dominant_Robinow_syndrome_1	1.4919515863250556e-08
2	Basal_ganglia_calcification_idiopathic_4	1.4861332245340636e-08
2	Oligodendroglioma	1.480687009606847e-08
2	Multicentric_Castleman_disease_susceptibility_to	1.47981668094342e-08
2	HIV_wasting_syndrome	1.472848962374965e-08
2	Migraine_with_or_without_aura_susceptibility_to_1	1.4712901638666822e-08
2	Ogden_syndrome	1.4711999118712188e-08
2	Intellectual_disability_autosomal_recessive_2	1.4683635250016406e-08
2	Hurler_syndrome	1.4675133215102128e-08
2	Central_diabetes_insipidus	1.4661689328429643e-08
2	Thrombocythemia_1	1.4643709309371081e-08
2	Charcot_Marie_Tooth_disease_type_IA	1.4603170661663474e-08
2	Guillain_Barre_syndrome_familial	1.4603170661663474e-08
2	Charcot_Marie_Tooth_disease_type_1E	1.458996391477104e-08
2	Chronic_inflammatory_demyelinating_polyradiculoneuropathy	1.4545148238202934e-08
2	Cataract_6_multiple_types	1.4537325721838355e-08
2	MHC_class_II_deficiency	1.4380011811498452e-08
2	Bare_lymphocyte_syndrome_type_2_complementation_group_E	1.4380011811498452e-08
2	Bare_lymphocyte_syndrome_type_II_complementation_group_c	1.4380011811498452e-08
2	Bare_lymphocyte_syndrome_type_2_complementation_group_A	1.4380011811498452e-08
2	Bare_lymphocyte_syndrome_type_II_complementation_group_B	1.4380011811498452e-08
2	Bare_Lymphocyte_Syndrome_Type_II_Complementation_Group_D	1.4377431297102891e-08
2	Erythema_nodosum	1.4354715114786745e-08
2	Hepatitis_C_Chronic	1.4328551875350067e-08
2	Autosomal_dominant_hypophosphatemic_rickets	1.4292779704772343e-08
2	Thrombophilia_due_to_thrombin_defect	1.428120332875306e-08
2	Acute_myeloid_leukemia_M6_type	1.4224145430018059e-08
2	Thyroid_cancer_nonmedullary_2	1.4208774745213913e-08
2	Optic_nerve_hypoplasia_and_abnormalities_of_the_central_nervous_system	1.4150546990321032e-08
2	Autosomal_recessive_ataxia_Beauce_type	1.4092464907742363e-08
2	Emery_Dreifuss_muscular_dystrophy_4_autosomal_dominant	1.4092464907742363e-08
2	Infarct	1.4054297674482276e-08
2	Acampomelic_campomelic_dysplasia	1.4039038953747964e-08
2	Camptomelic_dysplasia	1.403898232201321e-08
2	Anophthalmia/microphthalmia_esophageal_atresia_syndrome	1.4017434516928447e-08
2	Bacterial_endocarditis	1.3936098009607127e-08
2	Refractory_anemia	1.3905498334127496e-08
2	Basal_cell_carcinoma_susceptibility_to_1	1.388189972332271e-08
2	Multiple_epiphyseal_dysplasia_type_4	1.3877451378091924e-08
2	Nephronophthisis_16	1.386832629952188e-08
2	Achondrogenesis_type_IB	1.3843159474243404e-08
2	Diastrophic_dysplasia_broad_bone_platyspondylic_variant	1.3843159474243404e-08
2	Diastrophic_dysplasia	1.3843159474243404e-08
2	Chronic_kidney_disease	1.3842051175519825e-08
2	Essential_tremor	1.383173938139519e-08
2	Dilated_cardiomyopathy_1HH	1.3818379064082814e-08
2	Uterine_leiomyoma	1.3773162178146402e-08
2	Joubert_syndrome_12	1.3769441717427073e-08
2	Acrocallosal_syndrome	1.3769441717427073e-08
2	Meckel_syndrome_type_11	1.3746685691204793e-08
2	Hydrolethalus_syndrome_2	1.3746558267598239e-08
2	Joubert_syndrome_9/15_digenic	1.3742702629322485e-08
2	Joubert_syndrome_20	1.3708263850256e-08
2	Campomelic_dysplasia_with_autosomal_sex_reversal	1.370768033735144e-08
2	Pachyonychia_congenita_1	1.3666372490155758e-08
2	Hereditary_diffuse_gastric_adenocarcinoma	1.3640656296628437e-08
2	Basal_Cell_Carcinoma_Nonsyndromic	1.3628689994178519e-08
2	Darier_disease_acral_hemorrhagic_type	1.3602364163617025e-08
2	Acrokeratosis_verruciformis_of_Hopf	1.3598795278333899e-08
2	Darier_disease_segmental	1.3598795278333899e-08
2	Mucopolysaccharidosis_MPS_III_D	1.3543979762048545e-08
2	Gorlin_syndrome	1.3529470648640911e-08
2	Myopathy_centronuclear_5	1.3526476174353501e-08
2	Autosomal_recessive_omodysplasia	1.3500264168479484e-08
2	Basal_cell_carcinoma_multiple	1.3486388476446284e-08
2	Benign_Neonatal_Epilepsy	1.3463352282496838e-08
2	Hereditary_lymphedema_type_I	1.3417051373192109e-08
2	Multiple_sulfatase_deficiency	1.3358669334456363e-08
2	Autosomal_recessive_nonsyndromic_hearing_loss_91	1.3340704496598827e-08
2	PHGDH_deficiency	1.333614520199772e-08
2	Deafness_digenic_GJB2/GJB6	1.3332210164153833e-08
2	Autosomal_recessive_multiple_pterygium_syndrome	1.3324496771051629e-08
2	Congenital_myasthenic_syndrome_4C	1.325596807243516e-08
2	Renal_cell_carcinoma_Xp11_associated	1.3255140793990285e-08
2	Congenital_alveolar_dysplasia	1.3187067403625034e-08
2	Loeys_Dietz_syndrome_4	1.314151984629278e-08
2	Long_QT_syndrome_1/2_digenic	1.309521831487234e-08
2	MTHFR_THERMOLABILE_POLYMORPHISM	1.3037238622322795e-08
2	LEOPARD_syndrome_1	1.2992587306617814e-08
2	Acampomelic_campomelic_dysplasia_with_autosomal_sex_reversal	1.2962944874776554e-08
2	Endometrial_carcinoma	1.2871582324199966e-08
2	Prader_Willi_syndrome	1.282173005553893e-08
2	Treatment_refractory_schizophrenia	1.2804052246994619e-08
2	Neoplasms_Hormone_Dependent	1.2799497269051784e-08
2	Van_Maldergem_syndrome_2	1.2681493750253555e-08
2	Hyper_IgE_recurrent_infection_syndrome_1_autosomal_dominant	1.2665939997434928e-08
2	Overactive_bladder	1.2650850048647573e-08
2	Hereditary_spherocytosis_type_1	1.2630643318125213e-08
2	GLAUCOMA_PRIMARY_OPEN_ANGLE_ADULT_ONSET	1.2624412520905673e-08
2	Ketosis	1.2624120254349879e-08
2	Aarskog_syndrome	1.2612897915098519e-08
2	Staphylococcal_infection	1.2594016967227383e-08
2	Gaucher_disease	1.2580447341519435e-08
2	Adrenogenital_syndrome	1.2530404508258017e-08
2	Refractive_error	1.245967908696396e-08
2	Creutzfeldt_Jakob_disease_sporadic	1.2431250713676435e-08
2	X_linked_hydrocephalus_syndrome	1.2430178893597692e-08
2	Hairy_cell_leukemia	1.2424355955966862e-08
2	MASA_syndrome	1.2400432492800983e-08
2	Seasonal_allergy	1.2388760969301489e-08
2	Nanophthalmos_4	1.2382854002039497e-08
2	Congenital_generalized_lipodystrophy	1.2372083240635287e-08
2	Secondary_hyperparathyroidism	1.2364298819621604e-08
2	Rickettsiosis	1.2337352335645138e-08
2	Acrocephalosyndactyly_type_II	1.2302311886442133e-08
2	Noonan_syndrome_1	1.2298293227535568e-08
2	Hypoplastic_anemia	1.2238862237619541e-08
2	Hypogonadotropic_hypogonadism_5_with_or_without_anosmia	1.2236155931174333e-08
2	Long_QT_syndrome_9	1.2231227422125973e-08
2	Spondyloepiphyseal_dysplasia_with_congenital_joint_dislocations	1.2181521080334728e-08
2	Glaucoma_3_primary_congenital_D	1.2154306064762807e-08
2	Weill_Marchesani_syndrome_3	1.2154306064762807e-08
2	Immunodeficiency_common_variable_6	1.2103295613150153e-08
2	Muir-Torré_syndrome	1.205275913845948e-08
2	Distal_myopathy_with_posterior_leg_and_anterior_hand_involvement	1.2049178658399456e-08
2	Retinal_degeneration_autosomal_recessive_clumped_pigment_type	1.203813246539635e-08
2	Episodic_ataxia_type_6	1.2025831414784163e-08
2	Alagille_syndrome_due_to_a_JAG1_point_mutation	1.1959761275342637e-08
2	Histiocytosis	1.1943271228613968e-08
2	Wooly_hair_autosomal_recessive_1_with_or_without_hypotrichosis	1.192653441967341e-08
2	Hypotrichosis_8	1.192653441967341e-08
2	Zollinger-Ellison_syndrome	1.1890627951850205e-08
2	Malignant_gastrointestinal_tract_tumors	1.1890627951850205e-08
2	Thyroid_cancer_nonmedullary_1	1.1845609454475404e-08
2	Developmental_and_epileptic_encephalopathy_12	1.1825243987477366e-08
2	Bladder_neck_obstruction	1.1809540706985158e-08
2	Intellectual_disability_X_linked_19	1.179420944078149e-08
2	Coffin_Lowry_syndrome	1.179420944078149e-08
2	Autoimmune_lymphoproliferative_syndrome_type_2B	1.1792822345594609e-08
2	Alagille_syndrome_due_to_a_NOTCH2_point_mutation	1.1789861132991176e-08
2	Noonan_syndrome_6	1.1754231172535271e-08
2	Aortic_aneurysm_familial_thoracic_7	1.1743537406140602e-08
2	Diffuse_nonepidermolytic_palmoplantar_keratoderma	1.1737597503036656e-08
2	Variant_Creutzfeldt_Jakob_disease	1.1693334201366266e-08
2	Ovarian_epithelial_cancer	1.168055391954828e-08
2	Arrhythmogenic_right_ventricular_dysplasia_13	1.1633365567301391e-08
2	Dilated_cardiomyopathy_1CC	1.157160091052158e-08
2	Hypertrophic_cardiomyopathy_20	1.149946850000841e-08
2	Malan_overgrowth_syndrome	1.1490782622532688e-08
2	Marshall_Smith_syndrome	1.1490782622532688e-08
2	Allan_Herndon_Dudley_syndrome	1.144722089360973e-08
2	Long_QT_syndrome_2/3_digenic	1.1387806743227065e-08
2	Multiple_cutaneous_and_mucosal_venous_malformations	1.1384140897846708e-08
2	Osteoarthritis_susceptibility_3	1.1376954550012672e-08
2	Developmental_and_epileptic_encephalopathy_17	1.1312221662721142e-08
2	Long_QT_syndrome_2/5_digenic	1.1264910699963452e-08
2	Familial_visceral_amyloidosis_Ostertag_type	1.1261288200423136e-08
2	Joubert_syndrome_9	1.1240892053620593e-08
2	Long_QT_syndrome_2	1.1210556834820515e-08
2	Microcephaly_6_primary_autosomal_recessive	1.1206110965544905e-08
2	Meckel_syndrome_type_6	1.1175028473554834e-08
2	Seckel_syndrome_4	1.115440629463878e-08
2	Osteogenesis_imperfecta_type_7	1.1143398737831658e-08
2	Lymphoproliferative_syndrome_1	1.1121444262254357e-08
2	Factor_XIII,_b_subunit,_deficiency_of	1.1115930454820865e-08
2	Baldness_male_pattern	1.110371259594378e-08
2	Pityriasis_rubra_pilaris	1.11009063969703e-08
2	Short_QT_syndrome_type_1	1.1079224728864024e-08
2	Fanconi_anemia_complementation_group_I	1.106296316540705e-08
2	Hajdu_Cheney_syndrome	1.1003829581859778e-08
2	Creutzfeldt_Jakob_disease	1.0991101157194877e-08
2	Spondylocostal_dysostosis_3_autosomal_recessive	1.0980301258359913e-08
2	Carcinoid_syndrome	1.0893914626449175e-08
2	Homocystinuria_due_to_methylene_tetrahydrofolate_reductase_deficiency	1.0891751082643396e-08
2	Salivary_gland_neoplasm	1.0863945582140955e-08
2	Salivary_gland_cancer	1.0863945582140955e-08
2	Hydrocephalus_nonsyndromic_autosomal_recessive_2	1.0823896614858435e-08
2	Agammaglobulinemia_7_autosomal_recessive	1.0820026772668092e-08
2	TNF_receptor_associated_periodic_fever_syndrome_TRAPS	1.0816821905271999e-08
2	Warburg_micro_syndrome_2	1.081289219028414e-08
2	Turner_syndrome	1.0784408937580768e-08
2	Spastic_paraplegia_72_autosomal_dominant	1.07567616155908e-08
2	Hereditary_spastic_paraplegia_72	1.07567616155908e-08
2	Multiple_sclerosis_susceptibility_to_1	1.07061682179932e-08
2	Pituitary_adenoma_predisposition	1.0702994990075183e-08
2	Urination_Disorders	1.0690736484807605e-08
2	GM1_gangliosidosis_type_I_with_cardiac_involvement	1.0631621087627623e-08
2	Esophageal_varix	1.0628542229459626e-08
2	Gangliosidosis_generalized_gm1_late_infantile_type	1.062834927841109e-08
2	Melanoma_cutaneous_malignant_susceptibility_to_3	1.0620405915360387e-08
2	Piebaldism	1.0588543868425101e-08
2	Ornithine_aminotransferase_deficiency	1.0587914108979404e-08
2	Cerebral_amyloid_angiopathy_APP_related	1.05581774790384e-08
2	Autosomal_recessive_nonsyndromic_hearing_loss_1B	1.0535725760078293e-08
2	FG_syndrome	1.0489239550553629e-08
2	Adenosine_kinase_deficiency	1.0482659129557197e-08
2	Distal_arthrogryposis_type_2B1	1.047948024631216e-08
2	Cervical_cancer	1.0427446451695471e-08
2	GM1_gangliosidosis_type_3	1.040996228232878e-08
2	Baraitser_Winter_syndrome_1	1.0392798715031026e-08
2	Familial_amyloid_polyneuropathy	1.038590459098839e-08
2	Microalbuminuria	1.037816344532512e-08
2	Combined_oxidative_phosphorylation_defect_type_9	1.0363529209132552e-08
2	Mucopolysaccharidosis_MPS_IV_B	1.0338544707219746e-08
2	Propionic_acidemia	1.0320344087412073e-08
2	Keratosis_palmoplantaris_transgrediens_et_progrediens	1.0290019870883988e-08
2	Erythrokeratodermia_variabilis_et_progressiva_1	1.0285567083985134e-08
2	Transgrediens_et_progrediens_palmoplantar_keratoderma	1.0282580895575188e-08
2	Chromosome_5q14.3_deletion_syndrome_proximal	1.0281616314277112e-08
2	Intellectual_disability_autosomal_dominant_20	1.0281616314277112e-08
2	Cataract_40	1.0274076219833992e-08
2	Bardet_Biedl_syndrome_1	1.0239173195900962e-08
2	Chromosome_2q23.1_deletion_syndrome	1.0225846581575712e-08
2	Chromosome_2q23.1_duplication_syndrome	1.0225846581575712e-08
2	Autosomal_recessive_nonsyndromic_hearing_loss_1A	1.0193212351275075e-08
2	Intellectual_disability_autosomal_dominant_1	1.0177762571781584e-08
2	Peripheral_edema	1.0161806483306694e-08
2	Colorectal_cancer_susceptibility_to_3	1.0146512407747769e-08
2	Dermatofibrosarcoma_Protuberans	1.0107777722578853e-08
2	Glaucoma_primary_open_angle_juvenile_onset	1.0100081761771718e-08
2	Glaucoma_3A	1.0100081761771718e-08
2	46XY_sex_reversal_6	1.0089691121887878e-08
2	Treacher_Collins_syndrome	1.0072165196243626e-08
2	Autosomal_recessive_nonsyndromic_hearing_loss_3	1.0053973597399604e-08
2	Combined_immunodeficiency_due_to_LRBA_deficiency	1.0013824047101048e-08
2	Mastitis	9.989235843198086e-09
2	Autosomal_recessive_early_onset_Parkinson_disease_6	9.971289950584252e-09
2	Parkinson_disease_6	9.971289950584252e-09
2	Metrorrhagia	9.953001882089697e-09
2	Prader_Willi_like_syndrome_associated_with_chromosome_6	9.930650782539381e-09
2	Pulmonary_hypertension_primary_fenfluramine_associated	9.895131312831145e-09
2	Pulmonary_hypertension_primary_1_with_hereditary_hemorrhagic_telangiectasia	9.895131312831145e-09
2	Pulmonary_hypertension_primary_1	9.895131312831145e-09
2	Autosomal_recessive_nonsyndromic_hearing_loss_28	9.873666619469743e-09
2	Polycystic_liver_disease_1	9.86521164569725e-09
2	Acne_inversa	9.843236581536644e-09
2	Pyruvate_dehydrogenase_phosphatase_deficiency	9.833359163524544e-09
2	Inflammatory_bowel_disease_13	9.832561682500235e-09
2	Neoplasm_of_the_adrenal_cortex	9.824570745887377e-09
2	Pilomatrixoma	9.808456179069438e-09
2	Diaphragmatic_hernia_3	9.759207433861047e-09
2	Biotinidase_deficiency	9.743640955600172e-09
2	Menkes_kinky-hair_syndrome	9.723066373460974e-09
2	GALACTOSEMIA,_DUARTE_VARIANT	9.723066373460974e-09
2	Immunodeficiency,_common_variable,_7	9.723066373460974e-09
2	Deficiency_of_UDPglucose-hexose-1-phosphate_uridylyltransferase	9.723066373460974e-09
2	Choroid_plexus_papilloma	9.719954310669875e-09
2	Congenital_muscular_dystrophy_due_to_integrin_alpha_7_deficiency	9.69505283951848e-09
2	Corneal_dystrophy_Fuchs_endothelial_6	9.689545714512795e-09
2	Familial_isolated_pituitary_adenoma	9.688280598853594e-09
2	Moyamoya_disease_5	9.68376529549598e-09
2	Cutaneous_mastocytosis	9.683731529893958e-09
2	Aortic_aneurysm_familial_thoracic_6	9.682649182923391e-09
2	Retinitis_pigmentosa_38	9.592280630735227e-09
2	Autosomal_dominant_nonsyndromic_hearing_loss_44	9.552001416549492e-09
2	Noonan_syndrome_5	9.534824760546381e-09
2	GM1_gangliosidosis_type_2	9.513384579577343e-09
2	Leukocyte_adhesion_deficiency_1	9.504959704872372e-09
2	Hypoplastic_left_heart_syndrome	9.479345172765706e-09
2	Arrhythmogenic_right_ventricular_dysplasia_1	9.456933451269344e-09
2	Trichothiodystrophy_1_photosensitive	9.45438736504416e-09
2	Arrhythmogenic_right_ventricular_dysplasia_11	9.422917184314802e-09
2	Enteritis	9.421130348559595e-09
2	Pontocerebellar_hypoplasia_type_2D	9.412704420449334e-09
2	Deuteranomaly	9.40516382042813e-09
2	Cardiomyopathy_right_ventricular_dilated	9.369807518151463e-09
2	Spinocerebellar_ataxia_7	9.26912487470415e-09
2	Thanatophoric_dysplasia_type_2	9.265571820279533e-09
2	Arrhythmogenic_right_ventricular_dysplasia_familial_11_and_mild_palmoplantar_keratoderma_with_or_without_woolly_hair	9.23153881339667e-09
2	Cataract_30	9.223311024433662e-09
2	Advanced_sleep_phase_syndrome_2	9.200494733924742e-09
2	Treacher_Collins_syndrome_2	9.199674263420838e-09
2	Exercise_induced_hyperinsulinism	9.18208068955287e-09
2	Amelogenesis_imperfecta_type_2A1	9.171804988338059e-09
2	Renal_hypodysplasia/aplasia_1	9.139960486160044e-09
2	Pulmonary_hypertension_primary_dexfenfluramine_associated	9.020970433961687e-09
2	Dominant_beta_thalassemia	9.00881471174913e-09
2	Clear_cell_carcinoma_of_kidney	8.997544296712243e-09
2	VON_HIPPEL_LINDAU_SYNDROME_MODIFIERS_OF	8.97930200460878e-09
2	Conotruncal_heart_malformations	8.959744519462268e-09
2	Persistent_truncus_arteriosus	8.954477355107069e-09
2	Seckel_syndrome_5	8.952532942901356e-09
2	Homozygous_familial_hypercholesterolemia	8.941590313444846e-09
2	Dilated_cardiomyopathy_1II	8.91922628209192e-09
2	Cataract_16_multiple_types	8.91922628209192e-09
2	Hyperlipidemia_familial_combined_LPL_related	8.91802026588574e-09
2	Postaxial_polydactyly_type_B	8.877515856766523e-09
2	Polysyndactyly_4	8.877515856766523e-09
2	Biliary_tract_neoplasm	8.868463291000109e-09
2	Pallister_Hall_syndrome	8.8559579999808e-09
2	PALLISTER_HALL_LIKE_SYNDROME	8.8559579999808e-09
2	Greig_cephalopolysyndactyly_syndrome	8.841438332343697e-09
2	Crossed_polydactyly_type_I	8.826121635960226e-09
2	Periventricular_nodular_heterotopia_6	8.791183012425536e-09
2	Spinocerebellar_ataxia_type_15/16	8.789996917778807e-09
2	Intellectual_disability_autosomal_recessive_12	8.751436149793335e-09
2	Developmental_and_epileptic_encephalopathy_15	8.751436149793335e-09
2	Choroid_plexus_carcinoma	8.7494410462685e-09
2	Pituitary_dwarfism	8.732200725915229e-09
2	Surfactant_metabolism_dysfunction_pulmonary_5	8.721662059100973e-09
2	Simpson_Golabi_Behmel_syndrome_type_1	8.714534382329898e-09
2	Creutzfeldt_Jakob_Disease_Heidenhain_Variant	8.649897674749625e-09
2	Gastroparesis	8.649150079049019e-09
2	Gaucher_disease_type_I	8.646355186053277e-09
2	Fanconi_anemia_complementation_group_F	8.640134083113129e-09
2	Multiple_endocrine_neoplasia	8.62939948948311e-09
2	Atrial_fibrillation_familial_16	8.606484256262908e-09
2	Brugada_syndrome_7	8.606484256262908e-09
2	Dilated_cardiomyopathy_1O	8.605802315750044e-09
2	Atrial_fibrillation_familial_12	8.603838615457688e-09
2	Brugada_syndrome_6	8.601326865257702e-09
2	Ventricular_preexcitation	8.599873035205052e-09
2	Achondroplasia	8.551000561781468e-09
2	Hereditary_C1_esterase_inhibitor_deficiency___deficient_factor	8.536642114962214e-09
2	Hereditary_angioedema_type_1	8.531345389833258e-09
2	Hypertrophic_cardiomyopathy_3	8.530183786358933e-09
2	Angioedema_Hereditary_Type_II	8.497100956576557e-09
2	Retinitis_pigmentosa_2	8.442490619711983e-09
2	Castleman_disease	8.439611451819007e-09
2	Hereditary_factor_VIII_deficiency_disease	8.434097729750951e-09
2	Polycystic_kidney_disease_2	8.397771507167358e-09
2	Mesothelioma_malignant	8.393493853283936e-09
2	Left_ventricular_noncompaction_9	8.375360997746232e-09
2	Dilated_cardiomyopathy_1Y	8.375360997746232e-09
2	NONPAPILLARY_RENAL_CARCINOMA_1_LOCUS	8.324107308226493e-09
2	Multiple_sclerosis_susceptibility_to	8.316333477419544e-09
2	Systemic_lupus_erythematosus_susceptibility_to_6	8.305971695730348e-09
2	Celiac_disease_susceptibility_to_1	8.269741141415094e-09
2	Pre_Excitation_Syndrome	8.266115448934506e-09
2	Tay_Sachs_disease_variant_AB	8.262423653083688e-09
2	Hypertrophic_cardiomyopathy_6	8.258883239088998e-09
2	Accelerated_atrioventricular_conduction	8.252205387080724e-09
2	Dilated_cardiomyopathy_1L	8.229301469593412e-09
2	Autosomal_recessive_limb_girdle_muscular_dystrophy_type_2F	8.229301469593412e-09
2	Autosomal_recessive_nonsyndromic_hearing_loss_39	8.225079982688873e-09
2	3MC_syndrome_1	8.220518183830118e-09
2	Aortic_arch_interruption	8.218792802234922e-09
2	Bartter_syndrome	8.209566818280435e-09
2	Schwannomatosis_1	8.198968072931673e-09
2	Acute_basophilic_leukemia	8.191695579171566e-09
2	Polydactyly_postaxial_type_A1	8.095163141122745e-09
2	Conotruncal_anomaly_face_syndrome	8.073783909785271e-09
2	Baraitser_winter_syndrome_2	8.066373836059075e-09
2	Amyotrophic_lateral_sclerosis_type_1	8.050349201875387e-09
2	Metabolic_alkalosis	8.048913358168352e-09
2	Cerebrovascular_disorder	8.044373481415343e-09
2	Erythema_multiforme	8.044082244013546e-09
2	Autosomal_dominant_nonsyndromic_hearing_loss_20	8.04307060053728e-09
2	Isolated_cleft_palate	8.033869606778486e-09
2	Cryopyrin_associated_periodic_syndrome	8.03222770328116e-09
2	Somatotroph_adenoma	7.986457734543448e-09
2	Brown_oculocutaneous_albinism	7.938691253887224e-09
2	AMYOTROPHIC_LATERAL_SCLEROSIS_1_AUTOSOMAL_RECESSIVE	7.90200973208222e-09
2	Hepatoerythropoietic_porphyria	7.874352112956957e-09
2	Ocular_hypertension	7.867722172551158e-09
2	Hypertension_pregnancy_induced	7.856265761098849e-09
2	Autosomal_recessive_limb_girdle_muscular_dystrophy_type_2C	7.848714338689374e-09
2	Lewy_Body_Variant_of_Alzheimer_Disease	7.846145420315959e-09
2	Leber_congenital_amaurosis_8	7.820060765323895e-09
2	Growth_delay_due_to_insulin_like_growth_factor_type_1_deficiency	7.820046594789243e-09
2	Pollakisuria	7.81523555084128e-09
2	Sporadic_amyotrophic_lateral_sclerosis	7.804645693733808e-09
2	Acetabular_dysplasia	7.803449327994162e-09
2	Parietal_foramina_2	7.777593178037875e-09
2	Craniosynostosis_5_susceptibility_to	7.777593178037875e-09
2	Iron_Overload	7.774100596924145e-09
2	HELLP_syndrome	7.730572914428182e-09
2	Peptic_esophagitis	7.706989184887333e-09
2	Spondylocostal_dysostosis	7.70437838726593e-09
2	Atypical_teratoid_rhabdoid_tumor	7.635003373030203e-09
2	Rhabdoid_tumor	7.635003373030203e-09
2	Melorheostosis	7.624067452823838e-09
2	Autosomal_dominant_nonsyndromic_hearing_loss_3A	7.609754736779727e-09
2	Andersen_Tawil_syndrome	7.588490943576804e-09
2	Epidermolytic_hyperkeratosis_1	7.572809552489363e-09
2	46XY_sex_reversal_5	7.571802607903719e-09
2	Mitochondrial_complex_IV_deficiency_nuclear_type_1	7.565621975027249e-09
2	Actin_accumulation_myopathy	7.56428814445787e-09
2	Progressive_myositis_ossificans	7.54638342841817e-09
2	Head_and_neck_cancer	7.536420750102264e-09
2	Atrial_fibrillation_familial_9	7.519337043206106e-09
2	Short_QT_syndrome_type_3	7.519337043206106e-09
2	Factor_I_deficiency	7.514431495542915e-09
2	Atypical_hemolytic_uremic_syndrome_with_I_factor_anomaly	7.509645721284246e-09
2	Thrombocythemia_3	7.476833056147509e-09
2	Osteogenesis_imperfecta_with_normal_sclerae_dominant_form	7.471838007605408e-09
2	Polycystic_kidney_disease_adult_type	7.461233847508553e-09
2	Cataract_3_multiple_types	7.456192227796188e-09
2	KBG_syndrome	7.455704319407923e-09
2	Intellectual_disability_autosomal_recessive_5	7.397815526867399e-09
2	Malignant_rhabdoid_tumor_somatic	7.387755066267569e-09
2	Congenital_hypotrichosis_with_juvenile_macular_dystrophy	7.386149906667865e-09
2	Rubinstein_Taybi_syndrome_due_to_CREBBP_mutations	7.37887499475374e-09
2	Inappropriate_antidiuretic_hormone_secretion	7.372218340306646e-09
2	Aortic_aneurysm_familial_thoracic_8	7.364996592173143e-09
2	Lipid_proteinosis	7.361274857859062e-09
2	X_linked_intellectual_disability_cerebellar_hypoplasia_syndrome	7.347072423941826e-09
2	Emery_Dreifuss_muscular_dystrophy_6	7.315199016155685e-09
2	X_linked_myopathy_with_postural_muscle_atrophy	7.315199016155685e-09
2	X_linked_scapuloperoneal_muscular_dystrophy	7.315199016155685e-09
2	Teratoid_tumor_atypical	7.298506299823846e-09
2	Intellectual_disability_autosomal_dominant_15	7.277419944817554e-09
2	Lewy_body_dementia	7.273293984488936e-09
2	Marfan_syndrome	7.25918501364221e-09
2	Hypospadias_1_X_linked	7.219455692659526e-09
2	Holoprosencephaly_7	7.215706210116993e-09
2	Inflammatory_bowel_disease_28	7.213778400658092e-09
2	Fanconi_syndrome	7.204565958952461e-09
2	Androgen_resistance_syndrome	7.113468523510466e-09
2	Hidrotic_ectodermal_dysplasia_syndrome	7.105631603674689e-09
2	DYRK1A_related_intellectual_disability_syndrome	7.0860236015023236e-09
2	Weill_Marchesani_syndrome_2_dominant	7.068263442234523e-09
2	Pancreatic_adenocarcinoma	7.067459097224087e-09
2	Intellectual_disability_autosomal_dominant_16	7.053096311024431e-09
2	BWCR	7.052555014201999e-09
2	Syndromic_X_linked_intellectual_disability_Nascimento_type	7.045833676700111e-09
2	Hereditary_spherocytosis_type_3	7.042851712358098e-09
2	Elliptocytosis_2	7.042851712358098e-09
2	Von_Hippel_Lindau_syndrome	7.006469790677131e-09
2	Nail_patella_syndrome	6.985357697103508e-09
2	Familial_amyloid_nephropathy_with_urticaria_AND_deafness	6.977933527906532e-09
2	Rhabdoid_tumor_predisposition_syndrome_1	6.974089248453507e-09
2	Autosomal_dominant_nonsyndromic_hearing_loss_3B	6.963211724929909e-09
2	Familial_type_3_hyperlipoproteinemia	6.9597127573644645e-09
2	Charcot_Marie_Tooth_disease_type_2E	6.955598304936361e-09
2	Charcot_Marie_Tooth_disease_type_1F	6.955598304936361e-09
2	Chronic_infantile_neurological_cutaneous_and_articular_syndrome	6.953782480169484e-09
2	Decreased_circulating_carnitine_concentration	6.948855323245912e-09
2	Hereditary_spastic_paraplegia_13	6.945510965920581e-09
2	Developmental_and_epileptic_encephalopathy_4	6.9433253878771e-09
2	Hypertrophic_cardiomyopathy_18	6.900601278258807e-09
2	Dilated_cardiomyopathy_1P	6.900601278258807e-09
2	Aniridia_1	6.84460296190446e-09
2	Autosomal_recessive_nonsyndromic_hearing_loss_12	6.8402833458344406e-09
2	Intellectual_disability_autosomal_dominant_9	6.825032447969109e-09
2	Spastic_Paraplegia_30_Autosomal_Recessive	6.825032447969109e-09
2	Complex_partial_epilepsy	6.81282862691671e-09
2	Neuropathy_hereditary_sensory_type_2C	6.807851321492505e-09
2	Rapadilino_syndrome	6.79277576126633e-09
2	ANCR_disease	6.777859665712269e-09
2	Congenital_nongoitrous_hypothryoidism_6	6.7613453079614514e-09
2	Mast_syndrome	6.752860030775503e-09
2	Chondrodysplasia_punctata_2_X_linked_dominant	6.749950199690241e-09
2	Dyssomnia	6.747157449126639e-09
2	Autosomal_recessive_osteopetrosis_1	6.744453894577954e-09
2	Intestinal_polyp	6.727093245779666e-09
2	Decreased_circulating_vitamin_B1_concentration	6.7261872081612405e-09
2	Diffuse_Lewy_Body_Disease_with_Gaze_Palsy	6.719541702230329e-09
2	MEGF8_related_Carpenter_syndrome	6.719459185863334e-09
2	Cataracts_congenital_with_late_onset_corneal_dystrophy	6.703575950518317e-09
2	Intellectual_developmental_disorder_X_linked_with_or_without_nystagmus	6.702778734349031e-09
2	FG_syndrome_4	6.702778734349031e-09
2	Migraine_familial_basilar	6.687328848278095e-09
2	Migraine_familial_hemiplegic_2	6.687328848278095e-09
2	Alternating_hemiplegia_of_childhood_1	6.6832601309324235e-09
2	Severe_combined_immunodeficiency_autosomal_recessive_T_cell_negative_B_cell_negative_NK_cell_negative_due_to_adenosine_deaminase_deficiency	6.671073323725125e-09
2	Ehlers_Danlos_syndrome_type_3	6.6674769969629684e-09
2	Odontogenic_neoplasm	6.666632441543852e-09
2	Osteoarthritis_susceptibility_1	6.6657960931193465e-09
2	Lissencephaly_4	6.661791885426417e-09
2	Medullary_thyroid_carcinoma	6.655447558241001e-09
2	Autosomal_dominant_nonsyndromic_hearing_loss_1	6.632282534732698e-09
2	Faciogenital_Dysplasia_with_Attention_Deficit_Hyperactivity_Disorder	6.6180692028613375e-09
2	Intellectual_developmental_disorder_X_linked_syndromic_16	6.6180692028613375e-09
2	Aneurysm_osteoarthritis_syndrome	6.6164268871342105e-09
2	Seckel_syndrome_2	6.613862340007997e-09
2	Premature_ovarian_failure_2A	6.5983890223403704e-09
2	Paragangliomas_3	6.588403520509366e-09
2	Beckwith_Wiedemann_syndrome	6.585323868203275e-09
2	Relapsing_remitting_multiple_sclerosis	6.520525603133668e-09
2	AL_amyloidosis	6.517175228603474e-09
2	Osteogenesis_imperfecta_type_III	6.513301474241015e-09
2	Preeclampsia/eclampsia_1	6.510253623600132e-09
2	Hutchinson_Gilford_syndrome	6.485874532211767e-09
2	Cataract_41	6.466261471176942e-09
2	Maturity_onset_diabetes_of_the_young_type_11	6.458708349885688e-09
2	Hereditary_antithrombin_deficiency	6.450655553585398e-09
2	Ataxia___telangiectasia_variant	6.4484583437233855e-09
2	Brain_abscess	6.445503186333129e-09
2	Dowling_Degos_disease_1	6.442129207065228e-09
2	Atrioventricular_septal_defect_4	6.415634207649457e-09
2	Immunodeficiency_common_variable_1	6.4139459292083055e-09
2	Steinert_myotonic_dystrophy_syndrome	6.409484387138265e-09
2	Fanconi_anemia_complementation_group_L	6.380090932935722e-09
2	Atrial_septal_defect_2	6.377706464170028e-09
2	Noonan_syndrome_3	6.375515408420679e-09
2	Hereditary_spastic_paraplegia_18	6.374877059455149e-09
2	Partial_adenosine_deaminase_deficiency	6.372900173206848e-09
2	Immunoglobulin_mediated_membranoproliferative_glomerulonephritis	6.366230457944319e-09
2	Hemolytic_uremic_syndrome_atypical_susceptibility_to_7	6.366230457944319e-09
2	Sandhoff_disease	6.351571224923098e-09
2	Hypoinsulinemia	6.342143525487327e-09
2	Sandhoff_disease_adult_form	6.342036305275315e-09
2	Sandhoff_disease_infantile_form	6.339302265929459e-09
2	Immunoglobulin_A_deficiency_2	6.337124304212713e-09
2	Thrombocytopenia_4	6.3355784319117744e-09
2	Immunodeficiency_common_variable_2	6.33497216749013e-09
2	Leber_congenital_amaurosis_11	6.306611225070014e-09
2	Fanconi_anemia_complementation_group_C	6.294873419752409e-09
2	Amyotrophic_lateral_sclerosis_type_16	6.285935710578857e-09
2	Hereditary_spastic_paraplegia_5A	6.27220276889017e-09
2	Atypical_chronic_myeloid_leukemia_BCR_ABL1_negative	6.270060024443637e-09
2	Blepharophimosis___intellectual_disability_syndrome_SBBYS_type	6.2696915237291575e-09
2	Emery_Dreifuss_muscular_dystrophy_2_autosomal_dominant	6.259590700085724e-09
2	Wolfram_syndrome_1	6.239580680101742e-09
2	Pelizaeus_Merzbacher_disease	6.2235278577149656e-09
2	Brugada_syndrome_4	6.217596200248416e-09
2	Hereditary_spastic_paraplegia_2	6.2164656306104915e-09
2	Hepatic_veno_occlusive_disease	6.208670831813162e-09
2	46XX_sex_reversal_1	6.193026022490386e-09
2	46XY_sex_reversal_1	6.192407702068281e-09
2	46XY_true_hermaphroditism_SRY_related	6.192407702068281e-09
2	Reduced_circulating_vitamin_B6_circulating	6.1779843720857885e-09
2	Usher_syndrome_type_3B	6.162360562731939e-09
2	Charcot_Marie_Tooth_disease_recessive_intermediate_C	6.159820132071728e-09
2	Osteogenesis_imperfecta_perinatal_lethal	6.133728177628848e-09
2	Angelman_syndrome	6.1322270848705576e-09
2	Pyruvate_dehydrogenase_E1_beta_deficiency	6.130344536299781e-09
2	Pulmonary_hypertension_primary_3	6.1253062546358695e-09
2	Mast_cell_leukemia	6.123648959274717e-09
2	Seckel_syndrome_1	6.122892163539127e-09
2	COG7_congenital_disorder_of_glycosylation	6.107388597875541e-09
2	Charcot_Marie_Tooth_disease_type_2B1	6.066096353604454e-09
2	Autosomal_recessive_osteopetrosis_8	6.036063742311815e-09
2	Dilated_cardiomyopathy_1A	6.031825471152608e-09
2	Seborrheic_keratosis	6.006473954839833e-09
2	Joubert_syndrome_16	5.997798778157284e-09
2	Intellectual_disability_autosomal_recessive_3	5.9918468470973934e-09
2	CEREBRAL_AMYLOID_ANGIOPATHY_PRNP_RELATED	5.990066544747418e-09
2	Ventricular_septal_defect_1	5.98886668092268e-09
2	LEOPARD_syndrome_2	5.985521628388322e-09
2	Pontocerebellar_hypoplasia_type_2E	5.975288503336265e-09
2	Gigantism_partial_of_hands_and_feet_nevi_hemihypertrophy_and_macrocephaly	5.965682491302106e-09
2	Chester_type_porphyria	5.952184997045324e-09
2	Oculofaciocardiodental_syndrome	5.947295790895592e-09
2	Borjeson_Forssman_Lehmann_syndrome	5.930021804290848e-09
2	Immunodeficiency_common_variable_3	5.920010110255002e-09
2	Parkinson_disease_late_onset	5.9182584943087295e-09
2	Decreased_circulating_vitamin_E_concentration	5.907908727702716e-09
2	Ovarian_hyperstimulation_syndrome	5.900289741636222e-09
2	Menstrual_cycle_dependent_periodic_fever	5.882213643019824e-09
2	X_linked_severe_combined_immunodeficiency	5.875916626211573e-09
2	Thyroglobulin_synthesis_defect	5.865179143123069e-09
2	Gingival_bleeding	5.8523104341407264e-09
2	Cardiofaciocutaneous_syndrome_2	5.848427858493414e-09
2	Congenital_muscular_dystrophy_due_to_LMNA_mutation	5.833111157071521e-09
2	Congenital_generalized_lipodystrophy_type_3	5.824471487373088e-09
2	Chronic_myelogenous_leukemia_BCR_ABL1_positive	5.758681728314351e-09
2	Gerstmann_Straussler_Scheinker_syndrome	5.755516835136511e-09
2	Ataxia_telangiectasia_syndrome	5.7371787500964255e-09
2	Autosomal_dominant_Parkinson_disease_8	5.724422074008638e-09
2	D_2_hydroxyglutaric_aciduria_2	5.715115611822149e-09
2	Osteogenesis_imperfecta_type_6	5.7101459332702826e-09
2	Aortic_valve_disease_1	5.7044875401594145e-09
2	Congenital_myopathy_with_internal_nuclei_and_atypical_cores	5.696378454506364e-09
2	Cone_rod_dystrophy_9	5.687712240786086e-09
2	Baller_Gerold_syndrome	5.677271199105707e-09
2	Pemphigus	5.650751254716092e-09
2	Kidney_angiomyolipoma	5.641165857945518e-09
2	Cataract_9_multiple_types	5.614498612407509e-09
2	Glycogen_storage_disease_XV	5.6069415027046644e-09
2	ADULT_syndrome	5.6036504767229816e-09
2	Dilated_cardiomyopathy_1NN	5.589816399200999e-09
2	Basal_ganglia_calcification_idiopathic_5	5.582971429785179e-09
2	Charcot_Marie_Tooth_disease_type_4B2	5.57810089592032e-09
2	Charcot_Marie_Tooth_Neuropathy_Type_4B2_with_Early_Onset_Glaucoma	5.57810089592032e-09
2	Charcot_Marie_Tooth_disease_type_4B2_with_early_onset_glaucoma	5.57810089592032e-09
2	Ichthyosis_vulgaris	5.574138449485651e-09
2	Episodic_ataxia_type_1	5.568514009316317e-09
2	Liposarcoma	5.567273476280923e-09
2	Isaac_syndrome	5.566966781360766e-09
2	Myokymia_1	5.5563079132926386e-09
2	Episodic_ataxia_type_2	5.550471461725259e-09
2	Hereditary_continuous_muscle_fiber_activity	5.548189891527055e-09
2	Cutis_laxa_with_osteodystrophy	5.537788003249303e-09
2	Smith_McCort_dysplasia_1	5.513112204162047e-09
2	Tooth_agenesis_selective_with_orofacial_cleft	5.49792767406782e-09
2	Hypoplastic_enamel_onycholysis_hypohidrosis_syndrome	5.49792767406782e-09
2	Tooth_agenesis_selective_1	5.49792767406782e-09
2	Orofacial_cleft_5	5.49792767406782e-09
2	Hypodontia/oligodontia_with_orofacial_cleft	5.49792767406782e-09
2	Morning_glory_syndrome	5.486455043369387e-09
2	Coloboma_of_optic_nerve	5.485908040193607e-09
2	Acidosis	5.484992041971126e-09
2	Simpson_Golabi_Behmel_syndrome_type_2	5.483560684256936e-09
2	Thyroid_hormone_resistance_generalized_autosomal_dominant	5.478173789016166e-09
2	Thyroid_hormone_resistance_generalized_autosomal_recessive	5.478173789016166e-09
2	Neonatal_intrahepatic_cholestasis_due_to_citrin_deficiency	5.463341177239359e-09
2	Asphyxiating_thoracic_dystrophy_4	5.457552853403041e-09
2	CHROMOSOME_1qter_DELETION_SYNDROME	5.45682740647069e-09
2	Fanconi_renotubular_syndrome_3	5.451641565738141e-09
2	Danon_disease	5.447051108399068e-09
2	Nephronophthisis_14	5.438988358717568e-09
2	Joubert_syndrome_19	5.438988358717568e-09
2	Autosomal_dominant_osteopetrosis_1	5.434792013406691e-09
2	Exudative_vitreoretinopathy_4	5.434792013406691e-09
2	Timothy_syndrome	5.433660479079306e-09
2	Brugada_syndrome_3	5.432425775302814e-09
2	Joubert_syndrome_15	5.413777391637614e-09
2	Lithiasis	5.386593280167273e-09
2	Pseudohypoparathyroidism_type_I_A	5.379493316805459e-09
2	Schizophrenia_4	5.370999665938475e-09
2	Porphyria_acute_intermittent_nonerythroid_variant	5.363272263014889e-09
2	Neurofibromatosis_type_1	5.363134637772375e-09
2	Oculopharyngeal_muscular_dystrophy	5.362404409882168e-09
2	Premature_ovarian_failure_7	5.3562948813836045e-09
2	Hypophosphatemic_rickets_autosomal_recessive_2	5.338669177168774e-09
2	Coronary_sclerosis_medial_of_infancy	5.3365198303043276e-09
2	MHC_class_I_deficiency	5.32857933295029e-09
2	Rhabdomyolysis	5.326709359891756e-09
2	Abnormal_joint_morphology	5.326709359891756e-09
2	Hyperostosis	5.326709359891756e-09
2	Osteochondrodysplasia	5.326709359891756e-09
2	Calcinosis	5.326709359891756e-09
2	Muscular_dystrophy	5.326709359891756e-09
2	Paralytic_ileus	5.319335690707611e-09
2	Incontinentia_pigmenti_syndrome	5.318172076764902e-09
2	Li_Fraumeni_syndrome_2	5.304546433081261e-09
2	Rothmund_Thomson_syndrome_type_2	5.29244820199658e-09
2	Pseudopseudohypoparathyroidism	5.270176154304591e-09
2	Axenfeld_Rieger_syndrome_type_3	5.255940143013116e-09
2	Multiple_acyl_CoA_dehydrogenase_deficiency	5.255539124403956e-09
2	46XY_sex_reversal_3	5.2503051505216056e-09
2	Pigmented_nodular_adrenocortical_disease_primary_4	5.229563210334025e-09
2	Meier_Gorlin_syndrome_1	5.204885586343336e-09
2	Ovarian_adenocarcinoma	5.20015874655907e-09
2	MASTOCYTOSIS_INDOLENT	5.198937017344779e-09
2	Hereditary_sensory_neuropathy_deafness_dementia_syndrome	5.198051253467345e-09
2	Retinitis_pigmentosa_70	5.190751856133768e-09
2	Desmoid_tumor	5.18762622130002e-09
2	Hemolytic_anemia_due_to_adenylate_kinase_deficiency	5.18329709117222e-09
2	Rhizomelic_chondrodysplasia_punctata_type_1	5.179307927115805e-09
2	Cornelia_de_Lange_syndrome_1	5.174921139655067e-09
2	L_2_hydroxyglutaric_aciduria	5.172914594488141e-09
2	Amyotrophic_lateral_sclerosis_type_18	5.167874574889514e-09
2	Retinitis_pigmentosa_12	5.1646278229729165e-09
2	Xeroderma_pigmentosum_group_B	5.134756719949808e-09
2	Branchiooculofacial_syndrome	5.121998173785115e-09
2	Waardenburg_syndrome_type_2A	5.115991399949154e-09
2	Intellectual_disability_X_linked_30	5.112640840007654e-09
2	Hutchinson_Gilford_progeria_syndrome_childhood_onset	5.108560088046637e-09
2	Orofaciodigital_syndrome_I	5.098406308846244e-09
2	Transcobalamin_II_deficiency	5.083975311713611e-09
2	Treacher_Collins_syndrome_3	5.082870063677999e-09
2	Melanoma_cutaneous_malignant_susceptibility_to_8	5.075420276287425e-09
2	Diamond_Blackfan_anemia_4	5.070011063649379e-09
2	Autosomal_dominant_nonsyndromic_hearing_loss_2B	5.065183911740969e-09
2	Tyrosinase_positive_oculocutaneous_albinism	5.034284746232705e-09
2	Laron_type_isolated_somatotropin_defect	5.034086123917399e-09
2	Congenital_bile_acid_synthesis_defect_4	5.024930879076614e-09
2	Ehlers_Danlos_syndrome_kyphoscoliotic_type_1	5.008252063881049e-09
2	Autosomal_recessive_agammaglobulinemia_1	5.0000537500522644e-09
2	CARDIOMYOPATHY_FAMILIAL_HYPERTROPHIC_24	4.994320697851816e-09
2	Dilated_cardiomyopathy_1C	4.994320697851816e-09
2	Left_ventricular_noncompaction_3	4.994320697851816e-09
2	Cardio_facio_cutaneous_syndrome	4.974022338131154e-09
2	Coronary_artery_disease_autosomal_dominant_1	4.971391536647604e-09
2	Waardenburg_syndrome_type_2E	4.968023593651011e-09
2	Palmoplantar_keratoderma_nonepidermolytic_focal_1	4.944355403224629e-09
2	Mastocytosis_with_associated_hematologic_disorder	4.929140062603794e-09
2	LAMB2_related_infantile_onset_nephrotic_syndrome	4.925280543809025e-09
2	Leber_congenital_amaurosis_13	4.922731631477178e-09
2	Retinitis_pigmentosa_53	4.922731631477178e-09
2	Retinitis_pigmentosa_23	4.902628935485044e-09
2	AGel_amyloidosis	4.876973441498718e-09
2	Meretoja_syndrome	4.876973441498718e-09
2	Ovarian_dysgenesis_3	4.870041636304737e-09
2	Cold_induced_sweating_syndrome_2	4.864780349466241e-09
2	Lymphadenitis	4.852024052021938e-09
2	Panniculitis	4.852024052021938e-09
2	Cerebral_Amyloid_Angiopathy_Gsn_Related	4.836220289191911e-09
2	Costello_syndrome	4.834944644745597e-09
2	Arterial_calcification_generalized_of_infancy_1	4.827892317481082e-09
2	Sarcoidosis_susceptibility_to_1	4.816623792514406e-09
2	Joubert_syndrome_1	4.809404074837712e-09
2	Loeys_Dietz_syndrome_1	4.8065822439122845e-09
2	Autosomal_dominant_osteopetrosis_2	4.806066471268277e-09
2	Ovarian_dysgenesis_1	4.7976920144969015e-09
2	Autosomal_recessive_osteopetrosis_4	4.793854841417081e-09
2	Disorder_of_nasal_sinus	4.746512321516634e-09
2	Retinitis_pigmentosa_55	4.73772835748643e-09
2	Developmental_and_epileptic_encephalopathy_8	4.73585246047178e-09
2	Familial_medullary_thyroid_carcinoma	4.718798290809175e-09
2	Agammaglobulinemia_6_autosomal_recessive	4.716727245884774e-09
2	Fanconi_anemia_complementation_group_N	4.711466666064364e-09
2	Renpenning_syndrome	4.701173382868643e-09
2	DCR	4.688584999712565e-09
2	Down_Syndrome_Critical_Region	4.6868395849260215e-09
2	Complete_trisomy_21_syndrome	4.686376137643785e-09
2	Blepharophimosis___intellectual_disability_syndrome_MKB_type	4.684467693561623e-09
2	Transient_myeloproliferative_disorder_of_Down_syndrome	4.681837162001415e-09
2	Congenital_sensory_neuropathy_with_selective_loss_of_small_myelinated_fibers	4.681696465820944e-09
2	Supravalvar_aortic_stenosis	4.6812795532843624e-09
2	Neurofibromatosis_familial_spinal	4.679871678194207e-09
2	Atypical_Parkinson_Disease	4.678569066608819e-09
2	Charcot_Marie_Tooth_disease_type_2R	4.677147007421275e-09
2	Meningococcal_meningitis	4.67349548750561e-09
2	Infantile_bilateral_striatal_necrosis	4.671824256083456e-09
2	Retinitis_pigmentosa_66	4.6677915696221326e-09
2	LEUKEMIA_MEGAKARYOBLASTIC_OF_DOWN_SYNDROME_SOMATIC	4.656306238815851e-09
2	3M_syndrome_1	4.6511817270074724e-09
2	Pigmentary_retinal_dystrophy	4.627430140483607e-09
2	Congenital_ocular_coloboma	4.6272915197386835e-09
2	Retinitis_punctata_albescens	4.6271317968525865e-09
2	Noonan_syndrome_7	4.581023157376237e-09
2	Pick_disease	4.580391535457369e-09
2	Myopathy_congenital_with_excess_of_muscle_spindles	4.5675140773726776e-09
2	Meckel_syndrome_type_9	4.564573629800474e-09
2	LEOPARD_syndrome_3	4.5456663503689186e-09
2	Craniosynostosis_2	4.54072828597669e-09
2	Fanconi_anemia_complementation_group_O	4.534543171219092e-09
2	Amyotrophic_neuralgia	4.521155440906539e-09
2	Diamond_Blackfan_anemia_13	4.515969777205687e-09
2	Anemia_nonspherocytic_hemolytic_due_to_G6PD_deficiency	4.511849044141922e-09
2	LEUKEMIA_PHILADELPHIA_CHROMOSOME_POSITIVE_RESISTANT_TO_IMATANIB	4.504040730302427e-09
2	Arrhythmogenic_right_ventricular_dysplasia_12	4.503304118462413e-09
2	Lafora_disease	4.496101982843426e-09
2	ABri_amyloidosis	4.491795374498984e-09
2	ADan_amyloidosis	4.491795374498984e-09
2	Leber_congenital_amaurosis_7	4.48983369905964e-09
2	Neuropathy_hereditary_sensory_type_1F	4.48066723685873e-09
2	Hereditary_spastic_paraplegia_39	4.472659614151763e-09
2	Hyperinsulinism_due_to_INSR_deficiency	4.4722401260323705e-09
2	Elliptocytosis_1	4.471066826653946e-09
2	Charcot_Marie_Tooth_disease_X_linked_dominant_1	4.467862125489324e-09
2	Predisposition_to_invasive_fungal_disease_due_to_CARD9_deficiency	4.4652745438914544e-09
2	DNA_ligase_IV_deficiency	4.461521262176145e-09
2	Joubert_syndrome_10	4.457808147615066e-09
2	Intellectual_disability_X_linked_90	4.455287928937333e-09
2	Adrenocortical_carcinoma_pediatric	4.453346656378213e-09
2	Leprechaunism_syndrome	4.452757943854026e-09
2	Cornelia_de_Lange_syndrome_4	4.4514239467267974e-09
2	Muscular_atrophy	4.441825929375611e-09
2	Denervation_atrophy_of_muscle	4.441825929375611e-09
2	Autoimmune_thyroid_disease	4.433453571511328e-09
2	Disorder_of_macula_due_to_diabetes_mellitus	4.431469728935703e-09
2	Disaccharidase_deficiency	4.431469728935703e-09
2	Phenylketonuria	4.428990561152998e-09
2	X_linked_agammaglobulinemia	4.422543244940408e-09
2	Autoimmune_lymphoproliferative_syndrome_type_1b	4.422513481556892e-09
2	Fanconi_renotubular_syndrome_2	4.413036939074861e-09
2	Pontocerebellar_hypoplasia_type_2C	4.4125854945287195e-09
2	Autosomal_recessive_limb_girdle_muscular_dystrophy_type_2Q	4.410547468142303e-09
2	Primary_ciliary_dyskinesia_2	4.410352684329625e-09
2	Cholestanol_storage_disease	4.401251486864178e-09
2	Hypotrichosis_4	4.399988718235177e-09
2	Alopecia_universalis_congenita	4.399988718235177e-09
2	Pseudohypoparathyroidism_type_1B	4.3961053518028614e-09
2	Waardenburg_syndrome_type_4C	4.3904897569218595e-09
2	Hermansky_Pudlak_syndrome_5	4.383605630660945e-09
2	Alpha_thalassemia_X_linked_intellectual_disability_syndrome	4.3815686488859835e-09
2	Meckel_syndrome_type_1	4.377753018922128e-09
2	Inflammatory_abnormality_of_the_skin	4.375148350229376e-09
2	Xeroderma_pigmentosum_group_G/Cockayne_syndrome	4.37094671674482e-09
2	Xeroderma_pigmentosum_group_G	4.3700272546674e-09
2	Freeman_Sheldon_syndrome	4.363461636513277e-09
2	Asphyxiating_thoracic_dystrophy_2	4.350326201435323e-09
2	Retinitis_pigmentosa_7_digenic	4.347603819688409e-09
2	Senior_Loken_syndrome_6	4.34694769833294e-09
2	Leber_congenital_amaurosis_10	4.34694769833294e-09
2	Meckel_syndrome_type_4	4.34694769833294e-09
2	Meckel_Like_Cerebrorenodigital_Syndrome	4.34694769833294e-09
2	Familial_partial_lipodystrophy_Dunnigan_type	4.342752464267249e-09
2	GNE_myopathy	4.337225137361373e-09
2	Hereditary_insensitivity_to_pain_with_anhidrosis	4.336203776031644e-09
2	Retinitis_pigmentosa_42	4.32972713198726e-09
2	Joubert_syndrome_5	4.327441089884741e-09
2	Deficiency_of_guanidinoacetate_methyltransferase	4.3214567334519916e-09
2	Pituitary_dependent_hypercortisolism	4.313750368358902e-09
2	Alcohol_Induced_Disorders_Nervous_System	4.312082747264576e-09
2	Cutis_laxa_autosomal_dominant_1	4.311583706333192e-09
2	Congenital_myopathy_23	4.3098205058196e-09
2	Arthrogryposis_distal_type_2B4	4.3098205058196e-09
2	Arthrogryposis_distal_type_1A	4.3098205058196e-09
2	Autoimmune_lymphoproliferative_syndrome_type_1_autosomal_recessive	4.306861410605169e-09
2	Creatine_transporter_deficiency	4.3050813875101375e-09
2	Susceptibility_to_bulimia_nervosa	4.288377564558545e-09
2	Bulimia_nervosa_susceptibility_to_1	4.285467776533842e-09
2	Subcortical_band_heterotopia	4.282386326564104e-09
2	ADRENAL_INSUFFICIENCY_NR5A1_RELATED	4.2735087013021035e-09
2	Pyridoxine_dependent_epilepsy	4.263893177393882e-09
2	Amyotrophic_lateral_sclerosis_type_19	4.262831520607312e-09
2	Pontocerebellar_hypoplasia_type_9	4.2555840002772105e-09
2	Autosomal_dominant_nonsyndromic_hearing_loss_10	4.248324473296895e-09
2	Anterior_segment_anomalies_with_or_without_cataract	4.244158127137964e-09
2	Branchiootorenal_syndrome_1	4.244158127137964e-09
2	Branchiootic_syndrome_1	4.244158127137964e-09
2	Hereditary_spastic_paraplegia_12	4.230304739816997e-09
2	Endocarditis	4.225568394400931e-09
2	Pachyonychia_congenita_2	4.212645706789299e-09
2	Hypocalcemic_tetany	4.2117597674666865e-09
2	Acatalasia	4.192409821664692e-09
2	Diamond_Blackfan_anemia_9	4.1785322187381236e-09
2	Immunodeficiency,_common_variable,_4	4.171564510004371e-09
2	Immunodeficiency,_common_variable,_2	4.171564510004371e-09
2	Immunodeficiency,_common_variable,_1	4.171564510004371e-09
2	X-linked_lymphoproliferative_disease_due_to_SH2D1A_deficiency	4.171564510004371e-09
2	Immunodeficiency,_common_variable,_3	4.171564510004371e-09
2	Bronchitis	4.171564510004371e-09
2	Agammaglobulinemia_2,_autosomal_recessive	4.171564510004371e-09
2	Aspartylglucosaminuria	4.162886764207291e-09
2	Panic_disorder_1	4.1623986418216024e-09
2	Ichthyosis_X_Linked_Complicated	4.159919378418652e-09
2	X_linked_ichthyosis_with_steryl_sulfatase_deficiency	4.159919378418652e-09
2	Glycogen_storage_disease_IXc	4.158732069521251e-09
2	ALDH18A1_related_de_Barsy_syndrome	4.157511796448906e-09
2	Idiopathic_pulmonary_arterial_hypertension	4.1557960188439755e-09
2	Acute_disease_of_cardiovascular_system	4.1557960188439755e-09
2	Ectodermal_dysplasia_and_immunodeficiency_1	4.153196304091094e-09
2	Parietal_foramina_1	4.138124745423146e-09
2	Lymphoid_system_disorder	4.137755135532919e-09
2	Abnormality_of_the_lymphatic_system	4.137755135532919e-09
2	Peroxisome_biogenesis_disorder_complementation_group_1	4.128586785607105e-09
2	Sotos_syndrome	4.1234521317603814e-09
2	Holoprosencephaly_5	4.110221047139027e-09
2	Partington_syndrome	4.1053043821072665e-09
2	Chapped_lip	4.100914813347099e-09
2	Developmental_and_epileptic_encephalopathy_1	4.0971120069162055e-09
2	X_linked_lissencephaly_with_abnormal_genitalia	4.0971120069162055e-09
2	Hydranencephaly_with_abnormal_genitalia	4.088185691482163e-09
2	Nager_syndrome	4.078366625829758e-09
2	Telangiectasia_hereditary_hemorrhagic_type_1	4.078254180747691e-09
2	Fatal_familial_insomnia	4.075677848039003e-09
2	Hereditary_spastic_paraplegia_49	4.067817371600024e-09
2	Retinitis_pigmentosa_35	4.0623542401126694e-09
2	Autosomal_recessive_nonsyndromic_hearing_loss_37	4.0604929956465026e-09
2	Autosomal_dominant_nonsyndromic_hearing_loss_22	4.0604929956465026e-09
2	Aortic_aneurysm_familial_thoracic_4	4.049537216592458e-09
2	Norman_Roberts_syndrome	4.048091050630569e-09
2	Syndromic_microphthalmia_type_5	4.046958858154307e-09
2	Retinal_dystrophy_early_onset_with_or_without_pituitary_dysfunction	4.0457192139402186e-09
2	Beaded_hair	4.0427452892499054e-09
2	Pituitary_hormone_deficiency_combined_6	4.023470557745974e-09
2	46XY_sex_reversal_2	4.007119785151077e-09
2	Acrodysostosis_1_with_or_without_hormone_resistance	4.004894683673584e-09
2	Autosomal_recessive_nonsyndromic_hearing_loss_31	3.995165834329173e-09
2	Pontocerebellar_hypoplasia_type_10	3.994219131247854e-09
2	Peroxisome_biogenesis_disorder_type_3B	3.992907370645663e-09
2	Antley_Bixler_syndrome_with_genital_anomalies_and_disordered_steroidogenesis	3.982009048891255e-09
2	Progressive_familial_intrahepatic_cholestasis_type_2	3.981422572745657e-09
2	Parkinsonian_pyramidal_syndrome	3.981331763178268e-09
2	Severe_intellectual_disability_progressive_spastic_diplegia_syndrome	3.960293177280883e-09
2	46XY_disorder_of_sex_development_due_to_testicular_1720_desmolase_deficiency	3.958950642057845e-09
2	Frontotemporal_dementia	3.953229100529566e-09
2	Liddle_syndrome	3.95315460996029e-09
2	Xeroderma_pigmentosum_group_D	3.949874429610426e-09
2	Rhizomelic_chondrodysplasia_punctata_type_3	3.939989668003539e-09
2	Cranioosteoarthropathy	3.9389303204167e-09
2	Periodontal_disorder	3.930782144176695e-09
2	Spermatogenic_failure_8	3.925045987926999e-09
2	Ehlers_Danlos_syndrome_type_4	3.924588897524798e-09
2	Hyperlipoproteinemia_type_IV	3.924370202989989e-09
2	Variegate_porphyria	3.914311967508355e-09
2	Atrial_septal_defect_9	3.906834695719897e-09
2	Atrioventricular_septal_defect_5	3.902399483761797e-09
2	Frasier_syndrome	3.900197539866835e-09
2	Surfactant_metabolism_dysfunction_pulmonary_2	3.897789791157667e-09
2	Vitamin_D_dependent_rickets_type_II_with_alopecia	3.89772240646783e-09
2	Smith_Lemli_Opitz_syndrome	3.89099350922949e-09
2	Otospondylomegaepiphyseal_dysplasia_autosomal_recessive	3.887336756864531e-09
2	Agammaglobulinemia_4_autosomal_recessive	3.886783210463878e-09
2	Pleomorphic_adenoma_of_salivary_gland	3.885826653429343e-09
2	Pelger_Huët_anomaly	3.879122929930913e-09
2	Proteus_syndrome	3.878610189461051e-09
2	Carney_complex_type_1	3.875785090668701e-09
2	Peroxisome_biogenesis_disorder_2B	3.873983525503938e-09
2	Classic_lissencephaly	3.867599370161387e-09
2	Exudative_vitreoretinopathy_1	3.855443062300141e-09
2	Retinopathy_of_prematurity	3.855443062300141e-09
2	Mucopolysaccharidosis_MPS_I_S	3.845041979223922e-09
2	Hyperglycinemia_transient_neonatal	3.842331099381833e-09
2	Non_ketotic_hyperglycinemia	3.842331099381833e-09
2	Pick_Complex	3.842080132695669e-09
2	Schwannomatosis_2	3.841750703977895e-09
2	Cutis_laxa_with_severe_pulmonary_gastrointestinal_and_urinary_anomalies	3.8370797000029246e-09
2	Developmental_delay_with_autism_spectrum_disorder_and_gait_instability	3.82859175877477e-09
2	Farber_lipogranulomatosis	3.813691657741628e-09
2	Stickler_syndrome_type_2	3.8131378966811116e-09
2	Periodontitis_aggressive_1	3.812402242218744e-09
2	Li_Fraumeni_syndrome	3.811244290136074e-09
2	Anterior_segment_dysgenesis_4	3.81104451546691e-09
2	Axenfeld_Rieger_syndrome_type_1	3.81104451546691e-09
2	Neuronopathy_distal_hereditary_motor_type_5A	3.80335847161217e-09
2	1720_lyase_deficiency_isolated	3.795898748818162e-09
2	Glycogen_storage_disease_type_IV	3.793403246280071e-09
2	Glycogen_storage_disease_IV_classic_hepatic	3.793403246280071e-09
2	Glycogen_storage_disease_due_to_glycogen_branching_enzyme_deficiency_non_progressive_hepatic_form	3.792175501545623e-09
2	Microcephaly_thin_corpus_callosum_intellectual_disability_syndrome	3.7918995701753e-09
2	Fragile_X_associated_tremor/ataxia_syndrome	3.791820192035349e-09
2	Glycogen_storage_disease_due_to_glycogen_branching_enzyme_deficiency_congenital_neuromuscular_form	3.7916849404357744e-09
2	Glycogen_storage_disease_due_to_glycogen_branching_enzyme_deficiency_adult_neuromuscular_form	3.790181097639608e-09
2	Glycogen_storage_disease_due_to_glycogen_branching_enzyme_deficiency_fatal_perinatal_neuromuscular_form	3.790082723667209e-09
2	Glycogen_storage_disease_due_to_glycogen_branching_enzyme_deficiency_childhood_neuromuscular_form	3.790082723667209e-09
2	Immunodeficiency_common_variable_5	3.784482571020491e-09
2	Spinocerebellar_ataxia_type_23	3.7790441804657885e-09
2	Thrombocythemia_2	3.766398634555675e-09
2	Cerebral_palsy_spastic_quadriplegic_2	3.7600694139534525e-09
2	Netherton_syndrome	3.754417389859773e-09
2	Deficiency_of_steroid_17_alpha_monooxygenase	3.753722212814901e-09
2	Intellectual_disability_autosomal_dominant_24	3.752448745227401e-09
2	Asphyxiating_thoracic_dystrophy_3	3.7456681876140616e-09
2	Xeroderma_pigmentosum_type_F/Cockayne_syndrome	3.734782219757709e-09
2	TCF12_related_craniosynostosis	3.73186243325274e-09
2	Familial_hyperaldosteronism_type_III	3.727616967629789e-09
2	Developmental_and_epileptic_encephalopathy_2	3.7226689716105352e-09
2	Spinocerebellar_ataxia_type_1	3.7167697614561224e-09
2	Iris_hypoplasia_with_glaucoma	3.7120464671802224e-09
2	Peroxisome_biogenesis_disorder_1A_Zellweger	3.7008992474900835e-09
2	Hypogammaglobulinemia_X_linked	3.6914466379729997e-09
2	Infantile_cortical_hyperostosis	3.6893206737728917e-09
2	Spinocerebellar_ataxia_type_12	3.6865793701017174e-09
2	Seizures_benign_familial_neonatal_2	3.683211184536809e-09
2	Xeroderma_pigmentosum_group_F	3.6831401353802153e-09
2	Leber_congenital_amaurosis_18	3.6718633027099285e-09
2	Fragile_X_syndrome	3.6671057071658247e-09
2	Dilated_cardiomyopathy_1V	3.660256295436565e-09
2	Bernard_Soulier_syndrome_type_C	3.659363008689038e-09
2	Pituitary_hormone_deficiency_combined_1	3.6519979317752585e-09
2	Tremor_hereditary_essential_1	3.6457108712016727e-09
2	Rett_syndrome_congenital_variant	3.6444236757016146e-09
2	Narcolepsy_7	3.639715594874606e-09
2	Peroxisome_Biogenesis_Disorder_Complementation_Group_E	3.6383610344586165e-09
2	Atrial_fibrillation_familial_11	3.632472661871318e-09
2	Kartagener_syndrome	3.631791660321596e-09
2	Mucopolysaccharidosis_MPS_I_H/S	3.6310259286589317e-09
2	46XY_sex_reversal_7	3.6306506657365485e-09
2	Bernard_Soulier_syndrome	3.6255019439060464e-09
2	Premature_ovarian_failure_1	3.6234769835541707e-09
2	Alkaptonuria	3.62003901661861e-09
2	Aicardi_Goutieres_syndrome_5	3.6162527736398535e-09
2	Cleidocranial_dysostosis	3.615202067106891e-09
2	Autoimmune_lymphoproliferative_syndrome_type_4	3.612971653202857e-09
2	Nephronophthisis_12	3.60215472940586e-09
2	Joubert_syndrome_11	3.60215472940586e-09
2	Tuberous_sclerosis_1	3.599861697716069e-09
2	Late_infantile_neuronal_ceroid_lipofuscinosis	3.5935517317064686e-09
2	Neuronal_ceroid_lipofuscinosis_2	3.5856282546200647e-09
2	Alexander_disease	3.5846387625112517e-09
2	TWIST1_related_craniosynostosis	3.582310588192504e-09
2	Long_QT_syndrome_13	3.5801069732209163e-09
2	Fanconi_anemia_complementation_group_B	3.5685085485179596e-09
2	Charcot_Marie_Tooth_disease_type_4J	3.5665221435269917e-09
2	SLC35A1_congenital_disorder_of_glycosylation	3.5597624324553438e-09
2	Cranioectodermal_dysplasia_4	3.5558244459835054e-09
2	Asphyxiating_thoracic_dystrophy_5	3.5558244459835054e-09
2	Nephronophthisis_13	3.5558244459835054e-09
2	Bamforth_Lazarus_syndrome	3.544822991654021e-09
2	Norum_disease	3.543977510841577e-09
2	Agammaglobulinemia_3_autosomal_recessive	3.5369046171596747e-09
2	Rubinstein_Taybi_syndrome_due_to_EP300_haploinsufficiency	3.5292934905822052e-09
2	Hypervolemia	3.526345863652646e-09
2	Malabsorption_syndrome	3.522257566380106e-09
2	Hypertrophic_osteoarthropathy_primary_autosomal_recessive_1	3.51450524789031e-09
2	Dubin_Johnson_syndrome	3.5116298872044678e-09
2	Dilated_cardiomyopathy_3B	3.5107629464846595e-09
2	Paget_disease_of_bone_2_early_onset	3.5012799246946828e-09
2	Epilepsy_progressive_myoclonic_2b	3.492409581252361e-09
2	Renal_carnitine_transport_defect	3.4912408917644818e-09
2	Retinitis_pigmentosa_7	3.4895488346389664e-09
2	Intellectual_disability_autosomal_dominant_8	3.478991190069617e-09
2	UV_sensitive_syndrome_1	3.4786630780807397e-09
2	Autosomal_recessive_bestrophinopathy	3.4775002580848113e-09
2	Retinitis_pigmentosa_50	3.4768760177994007e-09
2	Palmoplantar_keratoderma,_nonepidermolytic,_focal_or_diffuse	3.4740539981895283e-09
2	Hyperkeratosis_lenticularis_perstans	3.4740539981895283e-09
2	Palmoplantar_keratoderma,_nonepidermolytic,_focal_1	3.4740539981895283e-09
2	Agammaglobulinemia_2_autosomal_recessive	3.473079041943819e-09
2	Epilepsy_idiopathic_generalized_susceptibility_to_10	3.4729082757903095e-09
2	Epilepsy_juvenile_myoclonic_7	3.4729082757903095e-09
2	GENERALIZED_EPILEPSY_WITH_FEBRILE_SEIZURES_PLUS_TYPE_5_SUSCEPTIBILITY_TO	3.4729082757903095e-09
2	Retinitis_pigmentosa_10	3.4679801476730267e-09
2	Carpal_tunnel_syndrome_1	3.465982801873635e-09
2	Cobblestone_lissencephaly_without_muscular_or_ocular_involvement	3.4536118160629957e-09
2	Capillary_malformation	3.4424354786893874e-09
2	Cone_rod_dystrophy_10	3.440211684746659e-09
2	Dilated_cardiomyopathy_1I	3.436988120716965e-09
2	Choroidal_dystrophy_central_areolar_2	3.4323061549233564e-09
2	Cleidocranial_dysplasia_1_forme_fruste_with_brachydactyly	3.4224212796746386e-09
2	Hermansky_Pudlak_syndrome_7	3.418597676991779e-09
2	Adrenocortical_carcinoma_hereditary	3.41338386426191e-09
2	Combined_oxidative_phosphorylation_defect_type_14	3.403966250473813e-09
2	Lung_Diseases,_Obstructive	3.4033496665530757e-09
2	Abnormality_of_the_lung	3.4033496665530757e-09
2	Atypical_hemolytic_uremic_syndrome_with_B_factor_anomaly	3.3928930102944856e-09
2	Cowden_syndrome	3.3926542114813223e-09
2	Macroglobulinemia_Waldenstrom_1	3.3902502130074954e-09
2	Osteogenesis_imperfecta_type_I	3.3799929654548272e-09
2	alpha_Thalassemia	3.3784261569440794e-09
2	Leukocyte_adhesion_deficiency_type_II	3.374358465411524e-09
2	Familial_amyloid_neuropathy	3.3694628505879692e-09
2	Alzheimer_disease_4	3.36391166349698e-09
2	Pseudohypoparathyroidism_type_1C	3.3631324409651873e-09
2	Vitelliform_macular_dystrophy_2	3.3615068019507112e-09
2	Hemoglobin_H_disease_nondeletional	3.3544423772819967e-09
2	Hemoglobin_H_disease	3.354243377344751e-09
2	Seckel_syndrome_6	3.352170442706549e-09
2	Acquired_partial_lipodystrophy	3.3501832093732437e-09
2	Pyruvate_dehydrogenase_E3_deficiency	3.3499515424218304e-09
2	Spondyloarthropathy_susceptibility_to_1	3.343884548771279e-09
2	Deficiency_of_phosphoserine_phosphatase	3.34240867351125e-09
2	Autoimmune_lymphoproliferative_syndrome_type_1	3.339686162095299e-09
2	Meckel_syndrome_type_2	3.336730518675735e-09
2	Joubert_syndrome_2	3.336730518675735e-09
2	Glaucoma_1_open_angle_A	3.3252879342015406e-09
2	Autosomal_dominant_limb_girdle_muscular_dystrophy_type_1G	3.3169139896690257e-09
2	Primary_ciliary_dyskinesia_5	3.3062011479665406e-09
2	Amyloid_Cardiomyopathy_Transthyretin_related	3.303083971813333e-09
2	Brooke_Spiegler_syndrome	3.300681370667925e-09
2	Isovaleryl_CoA_dehydrogenase_deficiency	3.2965671015154766e-09
2	Type_1_diabetes_mellitus_10	3.2947983626016654e-09
2	AMYLOIDOSIS_LEPTOMENINGEAL_TRANSTHYRETIN_RELATED	3.282728533239342e-09
2	Thrombocytopenia_1	3.2815934554150137e-09
2	Familial_Mediterranean_fever	3.280536152652504e-09
2	Wiskott_Aldrich_syndrome	3.27955430122268e-09
2	X_linked_severe_congenital_neutropenia	3.2765633540688476e-09
2	Thrombocytopenia_X_linked_intermittent	3.273717899701048e-09
2	Becker_muscular_dystrophy	3.272980844181756e-09
2	X_linked_Alport_syndrome	3.271383519521144e-09
2	Spongy_degeneration_of_central_nervous_system	3.2644851968114213e-09
2	Insulin_receptor_defect	3.2590112885905893e-09
2	Background_diabetic_retinopathy	3.247931514780741e-09
2	Proliferative_diabetic_retinopathy	3.247931514780741e-09
2	Preproliferative_retinopathy_due_to_diabetes_mellitus	3.247931514780741e-09
2	Fanconi_anemia_complementation_group_D1	3.24705655290341e-09
2	Pancreatic_cancer_susceptibility_to_2	3.2437772259084152e-09
2	Alzheimer_disease_2	3.2417864910673137e-09
2	Congenital_muscular_dystrophy_due_to_partial_LAMA2_deficiency	3.240530697512e-09
2	Dengue_fever_protection_against	3.23794788044608e-09
2	Dengue_virus_susceptibility_to	3.23794788044608e-09
2	Dengue_hemorrhagic_fever_susceptibility_to	3.23794788044608e-09
2	Dengue_shock_syndrome_susceptibility_to	3.23794788044608e-09
2	Conduction_system_disorder	3.2357221177538494e-09
2	Merosin_deficient_congenital_muscular_dystrophy	3.2289675982361258e-09
2	Joubert_syndrome_7	3.227094896932626e-09
2	Autosomal_dominant_nonsyndromic_hearing_loss_13	3.22666597316154e-09
2	Autosomal_recessive_congenital_ichthyosis_1	3.2199694839372314e-09
2	Loeys_Dietz_syndrome_2	3.2065861003502706e-09
2	Classic_homocystinuria	3.206581169838775e-09
2	Cleidocranial_dysplasia_1_forme_fruste_dental_anomalies_only	3.204944842594685e-09
2	Bernard_Soulier_syndrome_type_A1	3.199242297291684e-09
2	Retinitis_pigmentosa_20	3.197083488077593e-09
2	Autoimmune_lymphoproliferative_syndrome_type_1a	3.182617451729854e-09
2	Colorectal_cancer_susceptibility_to_10	3.1783428195903195e-09
2	Knuckle_pads_deafness_AND_leukonychia_syndrome	3.175163024827842e-09
2	Ovarian_dysgenesis_2	3.1618966741787132e-09
2	Premature_ovarian_failure_4	3.1618966741787132e-09
2	Premature_ovarian_failure_2B	3.1599238579480174e-09
2	Autosomal_recessive_nonsyndromic_hearing_loss_53	3.1522369239340253e-09
2	Meckel_syndrome_type_5	3.146416715477108e-09
2	Maternal_phenylketonuria	3.1455799845160882e-09
2	Focal_segmental_glomerulosclerosis_5	3.1451063537847812e-09
2	Nephrotic_syndrome_type_4	3.1349044237086993e-09
2	Hydatidiform_mole,_recurrent,_1	3.132038603685823e-09
2	Aerodigestive_tract_cancer,_squamous_cell,_alcohol-related,_protection_against	3.132038603685823e-09
2	Malignant_neoplastic_disease	3.132038603685823e-09
2	Disorder_of_the_genitourinary_system	3.132038603685823e-09
2	Hematologic_disorder	3.132038603685823e-09
2	Abnormality_of_the_genitourinary_system	3.132038603685823e-09
2	Abnormality_of_the_endocrine_system	3.132038603685823e-09
2	Abnormality_of_the_cardiovascular_system	3.132038603685823e-09
2	Abnormality_of_blood_and_blood-forming_tissues	3.132038603685823e-09
2	Abnormality_of_the_nervous_system	3.132038603685823e-09
2	Microcytic_anemia_with_liver_iron_overload	3.132038603685823e-09
2	Congenital_anomaly_of_eye	3.132038603685823e-09
2	Leanness,_inherited	3.132038603685823e-09
2	ALCOHOL_DEPENDENCE,_PROTECTION_AGAINST	3.132038603685823e-09
2	Neoplasm	3.132038603685823e-09
2	Leprosy,_susceptibility_to,_3	3.132038603685823e-09
2	Metaphyseal_chondrodysplasia_McKusick_type	3.1260780045856927e-09
2	Spinocerebellar_ataxia_type_14	3.1224970458730146e-09
2	Lowe_syndrome	3.1192598856985545e-09
2	Autosomal_recessive_nonsyndromic_hearing_loss_4	3.106465215454533e-09
2	Parathyroid_carcinoma	3.0994284600789354e-09
2	Rett_syndrome_zappella_variant	3.0848380855750852e-09
2	Arterial_calcification_generalized_of_infancy_2	3.0831121438176244e-09
2	Pseudoxanthoma_elasticum_forme_fruste	3.0831121438176244e-09
2	PLIN1_related_familial_partial_lipodystrophy	3.071474139050077e-09
2	Classical_phenylketonuria	3.071340259860975e-09
2	Adams_Oliver_syndrome_3	3.0713089429348803e-09
2	Bernard_Soulier_syndrome_type_B	3.0697958437004797e-09
2	Hereditary_spastic_paraplegia_51	3.0687704418793716e-09
2	Cystinuria	3.067286102823996e-09
2	Retinitis_pigmentosa_33	3.065582440132581e-09
2	Primary_open_angle_glaucoma	3.0605554052027677e-09
2	Glaucoma_1_open_angle_E	3.0605554052027677e-09
2	Sialuria	3.060348664334749e-09
2	Vesicoureteral_reflux_8	3.0580033586872553e-09
2	Diamond_Blackfan_anemia_7	3.0560646257002838e-09
2	Neuronal_ceroid_lipofuscinosis_8	3.054524124102256e-09
2	Neuronal_ceroid_lipofuscinosis_8_northern_epilepsy_variant	3.054524124102256e-09
2	Cephalocele	3.052812097339608e-09
2	Intellectual_disability_autosomal_dominant_6	3.051222702950352e-09
2	Atrial_septal_defect_8	3.0455257145534403e-09
2	Ventricular_septal_defect_2	3.0455257145534403e-09
2	Autosomal_recessive_limb_girdle_muscular_dystrophy_type_2B	3.030678342577589e-09
2	Miyoshi_muscular_dystrophy_1	3.030678342577589e-09
2	Congenital_dyserythropoietic_anemia_type_II	3.0255940586412016e-09
2	Pseudoxanthoma_Elasticum_Heterozygous	3.0228302910256728e-09
2	Familial_type_5_hyperlipoproteinemia	3.0207611704107298e-09
2	Bilateral_cryptorchidism	3.0204016399712566e-09
2	Unilateral_cryptorchidism	3.0204016399712566e-09
2	Brugada_syndrome_5	3.018512305083992e-09
2	Distal_myopathy_with_anterior_tibial_onset	3.0156300584341836e-09
2	Deficiency_of_mevalonate_kinase	3.014564127160721e-09
2	Intellectual_disability_autosomal_dominant_5	3.0133209428691406e-09
2	Pyruvate_dehydrogenase_E2_deficiency	3.0121746231962373e-09
2	Generalized_epilepsy_with_febrile_seizures_plus_type_1	3.003778700777273e-09
2	Fanconi_anemia_complementation_group_Q	2.9996229731806466e-09
2	Magnesium_deficiency	2.9971582115246226e-09
2	Oculocutaneous_albinism_type_1B	2.996302015872018e-09
2	Rett_syndrome	2.994195538366802e-09
2	Congenital_bile_acid_synthesis_defect_1	2.9936362800365332e-09
2	CHROMOSOME_1p36.11_DUPLICATION_SYNDROME	2.9874425371990104e-09
2	Intellectual_disability_autosomal_dominant_14	2.981538430328812e-09
2	Fanconi_anemia_complementation_group_G	2.9780288324007874e-09
2	Autosomal_dominant_centronuclear_myopathy	2.9770732794713452e-09
2	Muscular_dystrophy_dystroglycanopathy_congenital_with_intellectual_disability_type_B3	2.9737164116494952e-09
2	Muscular_dystrophy_dystroglycanopathy_congenital_with_brain_and_eye_anomalies_type_A3	2.9727996756182863e-09
2	Cornelia_de_Lange_syndrome_3	2.96259445480309e-09
2	Spinocerebellar_ataxia_type_6	2.9624377269426937e-09
2	Alstrom_syndrome	2.960980538488821e-09
2	Migraine_familial_hemiplegic_1	2.956943050852439e-09
2	Mucopolysaccharidosis_MPS_IV_A	2.9564508440024036e-09
2	Proteus_like_syndrome	2.9550698061765144e-09
2	Autosomal_recessive_limb_girdle_muscular_dystrophy_type_2O	2.951361990837191e-09
2	Cockayne_syndrome_type_2	2.949750018096336e-09
2	VACTERL_with_hydrocephalus	2.9470018865533818e-09
2	PSAT_deficiency	2.9433652777165555e-09
2	Sandhoff_disease_juvenile_form	2.9428345705662586e-09
2	Cutaneous_porphyria	2.942760829715587e-09
2	Retinitis_pigmentosa_36	2.9380996545870452e-09
2	Congenital_adrenal_insuffiency_with_46_XY_sex_reversal_OR_46XY_disorder_of_sex_development_adrenal_insufficiency_due_to_CYP11A1_deficiency	2.932058216101315e-09
2	Vater_Association_With_Hydrocephalus	2.9282763609308276e-09
2	Pseudoexfoliation_glaucoma	2.9228421859808934e-09
2	Inclusion_body_myopathy_with_Paget_disease_of_bone_and_frontotemporal_dementia_type_1	2.9215828861417794e-09
2	Frontotemporal_dementia_and/or_amyotrophic_lateral_sclerosis_6	2.920932973859151e-09
2	Ovarian_cancer_familial_susceptibility_to_2	2.9189320798725523e-09
2	Developmental_and_epileptic_encephalopathy_5	2.9172800573646476e-09
2	BREAST_CANCER_FAMILIAL_SUSCEPTIBILITY_TO_2	2.9170335645148043e-09
2	Charcot_Marie_Tooth_disease_type_4E	2.9100855612207874e-09
2	Complement_component_2_deficiency	2.9099148155140055e-09
2	HYPERHOMOCYSTEINEMIA_THROMBOTIC_CBS_RELATED	2.90550882641491e-09
2	Autosomal_dominant_Parkinson_disease_1	2.904198527421573e-09
2	Lhermitte_Duclos_disease	2.9031250788859243e-09
2	Leber_congenital_amaurosis_16	2.897811521039134e-09
2	Autosomal_dominant_Parkinson_disease_4	2.8966246508544644e-09
2	Vaginitis	2.895087187969116e-09
2	Tangier_disease	2.894410431216677e-09
2	Hemolytic_anemia_due_to_glucophosphate_isomerase_deficiency	2.88126223725598e-09
2	Factor_VII_deficiency	2.878879411001731e-09
2	Werner_syndrome	2.874068081804057e-09
2	NEUROPATHY_CONGENITAL_HYPOMYELINATING_1_AUTOSOMAL_DOMINANT	2.8681487692632087e-09
2	Charcot_Marie_Tooth_disease_dominant_intermediate_E	2.8613553987022743e-09
2	Tuberous_sclerosis_syndrome	2.8559724444440247e-09
2	Diamond_Blackfan_anemia_3	2.839161674896305e-09
2	VARIEGATE_PORPHYRIA_HOMOZYGOUS_VARIANT	2.83611704351121e-09
2	Gilbert_syndrome	2.8302511593680067e-09
2	Crigler_Najjar_syndrome_type_1	2.8302511593680067e-09
2	Autism_susceptibility_to_X_linked_3	2.8284469176311103e-09
2	Salla_disease	2.8266778305324657e-09
2	Severe_X_linked_myotubular_myopathy	2.8247231601410125e-09
2	Hypotrichosis_12	2.8047565478205e-09
2	Rett_syndrome_preserved_speech_variant	2.8040304019483346e-09
2	Non_acquired_combined_pituitary_hormone_deficiency_with_spine_abnormalities	2.803649690693436e-09
2	Spondyloepimetaphyseal_dysplasia_PAPSS2_type	2.79930633676431e-09
2	Perrault_syndrome_1	2.7882514695969284e-09
2	Autosomal_recessive_congenital_ichthyosis_2	2.784861758251006e-09
2	Lynch_syndrome_1	2.7836913582995146e-09
2	Sphingolipid_activator_protein_1_deficiency	2.775178088355672e-09
2	Niemann_Pick_disease_type_C2	2.773364153854376e-09
2	Bloom_syndrome	2.7615251932178446e-09
2	Cerebellar_Granule_Cell_Hypertrophy_and_Megalencephaly	2.7596670958105318e-09
2	Medullary_Carcinoma_Not_Otherwise_Specified	2.751075034027305e-09
2	Neuronopathy_distal_hereditary_motor_type_2B	2.74101061771212e-09
2	Leukocyte_adhesion_deficiency_3	2.738536321098586e-09
2	Charcot_Marie_Tooth_disease_axonal_type_2F	2.7323433566403925e-09
2	Breast_ovarian_cancer_familial_susceptibility_to_2	2.7290861390422786e-09
2	Dilated_cardiomyopathy_1X	2.7191821552472967e-09
2	Hereditary_acrodermatitis_enteropathica	2.7130704465508018e-09
2	Hyperinsulinemic_hypoglycemia_familial_1	2.7110803111039123e-09
2	Mevalonic_aciduria	2.6955287909773613e-09
2	Adult_onset_foveomacular_vitelliform_dystrophy	2.6946835180523664e-09
2	X_linked_intellectual_disability_psychosis_macroorchidism_syndrome	2.688420972153308e-09
2	Developmental_and_epileptic_encephalopathy_7	2.6849857411728783e-09
2	Seizures_benign_familial_neonatal_1_and/or_myokymia	2.6849857411728783e-09
2	Seizures_benign_familial_neonatal_1	2.6849857411728783e-09
2	Epilepsy_Benign_Neonatal_1_And_Or_Myokymia	2.6817904689715836e-09
2	Hypohidrotic_X_linked_ectodermal_dysplasia	2.6791351270071885e-09
2	Tooth_agenesis_selective_X_linked_1	2.6791351270071885e-09
2	Diamond_Blackfan_anemia_8	2.6785280394980525e-09
2	Pigmented_nodular_adrenocortical_disease_primary_1	2.669518789180143e-09
2	Exudative_vitreoretinopathy_2_X_linked	2.6689597818666006e-09
2	Supranuclear_palsy_progressive_1	2.6623594075369423e-09
2	Unverricht_Lundborg_syndrome	2.6541383696515225e-09
2	Cerebelloparenchymal_Disorder_VI	2.652935601483595e-09
2	Retinitis_pigmentosa_30	2.6335098277075184e-09
2	Retinitis_pigmentosa_17	2.6308702934372484e-09
2	Disorder_of_cardiovascular_system	2.628210765501529e-09
2	Atypical_Rett_syndrome	2.6182422735851416e-09
2	Neuronal_ceroid_lipofuscinosis_5	2.6154603071540404e-09
2	Mucopolysaccharidosis_MPS_III_B	2.614250864424487e-09
2	Velocardiofacial_syndrome	2.6118269590189367e-09
2	Glucocorticoid_deficiency_with_achalasia	2.610105581960774e-09
2	Intellectual_disability_autosomal_dominant_3	2.6080089382136094e-09
2	Diamond_Blackfan_anemia_10	2.6078996419174817e-09
2	Li_fraumeni_like_syndrome	2.5986213338646124e-09
2	Telangiectasia_hereditary_hemorrhagic_type_2	2.58402448101566e-09
2	Familial_hyperthyroidism_due_to_mutations_in_TSH_receptor	2.581579844168318e-09
2	Mild_non_PKU_hyperphenylalanemia	2.5760142759051955e-09
2	Gestational_trophoblastic_disease	2.574494142549051e-09
2	Nephronophthisis_1	2.569621298843348e-09
2	Autosomal_recessive_limb_girdle_muscular_dystrophy_type_2M	2.569233920290384e-09
2	Muscular_dystrophy_dystroglycanopathy_congenital_with_brain_and_eye_anomalies_type_A_4	2.569233920290384e-09
2	Muscular_dystrophy_dystroglycanopathy_congenital_without_intellectual_disability_type_B4	2.569233920290384e-09
2	Joubert_syndrome_with_renal_defect	2.5686204159852603e-09
2	Triglyceride_storage_disease_with_ichthyosis	2.5675532092617532e-09
2	Senior_Loken_syndrome_1	2.561192581880958e-09
2	Impaired_convergence	2.5571587301117585e-09
2	Nephronophthisis_11	2.551336847465539e-09
2	Leber_congenital_amaurosis_4	2.550930537923695e-09
2	Carpal_tunnel_syndrome	2.549173279875991e-09
2	Meckel_syndrome_type_3	2.538441055213045e-09
2	Joubert_syndrome_6	2.538441055213045e-09
2	Bartter_disease_type_1	2.5379660983966407e-09
2	Gliosis	2.535323296698679e-09
2	Melanoma_cutaneous_malignant_susceptibility_to_2	2.5345407637812906e-09
2	Dyskeratosis_congenita_autosomal_dominant_3	2.5311892399137223e-09
2	Psoriasis_1_susceptibility_to	2.5285616520828816e-09
2	Phytanic_acid_storage_disease	2.524120744683608e-09
2	Diamond_Blackfan_anemia_5	2.5211984116034653e-09
2	Peutz_Jeghers_syndrome	2.5204257442643144e-09
2	Beta_D_mannosidosis	2.513761252758814e-09
2	Gaucher_disease_due_to_saposin_C_deficiency	2.5120166712744997e-09
2	Urolithiasis	2.508030404352516e-09
2	MULTIPLE_ENDOCRINE_NEOPLASIA_TYPE_IIB	2.5039171027858823e-09
2	Retinitis_pigmentosa_46	2.50369078748288e-09
2	Hirschsprung_disease_susceptibility_to_1	2.502668926801049e-09
2	Syndactyly_type_4	2.499558621925864e-09
2	Polydactyly_of_a_triphalangeal_thumb	2.499558621925864e-09
2	Acheiropodia	2.499558621925864e-09
2	Triphalangeal_thumb	2.499558621925864e-09
2	Retinitis_pigmentosa_31	2.4967041467481677e-09
2	Maturity_onset_diabetes_of_the_young_type_7	2.4956631031008315e-09
2	Pigmented_nodular_adrenocortical_disease_primary_2	2.489216763568708e-09
2	Lymphoma_non_Hodgkin_familial	2.4868735850116482e-09
2	Brody_myopathy	2.4858910877363976e-09
2	Subependymal_giant_cell_astrocytoma	2.4748635023279623e-09
2	Joubert_syndrome_3	2.4728789392163755e-09
2	Intellectual_disability_hypotonia_spasticity_sleep_disorder_syndrome	2.4611200495506344e-09
2	Retinitis_pigmentosa_14	2.4589282628315307e-09
2	Amyotrophic_lateral_sclerosis_type_11	2.4588094152150886e-09
2	Multiple_gastrointestinal_atresias	2.4537970861612864e-09
2	Arthropathy	2.4505055821244387e-09
2	Metachromatic_leukodystrophy	2.444656154567383e-09
2	Developmental_and_epileptic_encephalopathy_13	2.4437566516165248e-09
2	Metachromatic_leukodystrophy_late_infantile_form	2.4415404498132325e-09
2	Metachromatic_leukodystrophy_juvenile_type	2.4415404498132325e-09
2	Pseudoarylsulfatase_A_deficiency	2.4415404498132325e-09
2	Diamond_Blackfan_anemia_12	2.4410517630932365e-09
2	Emery_Dreifuss_muscular_dystrophy_5_autosomal_dominant	2.428503156489607e-09
2	DEAFNESS_AUTOSOMAL_DOMINANT_22_WITH_HYPERTROPHIC_CARDIOMYOPATHY	2.4261299350588113e-09
2	Amyotrophic_lateral_sclerosis_type_21	2.421101683170286e-09
2	Xeroderma_pigmentosum_group_A	2.414228455061679e-09
2	Drash_syndrome	2.405933971629024e-09
2	Hemolytic_uremic_syndrome_atypical_susceptibility_to_1	2.3980253460607492e-09
2	Shiga_toxin_associated_hemolytic_uremic_syndrome	2.3980253460607492e-09
2	Surfactant_metabolism_dysfunction_pulmonary_1	2.3765102210688045e-09
2	Seckel_syndrome_7	2.3727089235522944e-09
2	Paragangliomas_1	2.360637887082621e-09
2	Maturity_onset_diabetes_of_the_young_type_1	2.348713059248381e-09
2	X_linked_chondrodysplasia_punctata_1	2.340143749758481e-09
2	Menkes_kinky_hair_syndrome	2.3374963594714996e-09
2	von_Willebrand_disease_type_1	2.335288286312322e-09
2	Diamond_Blackfan_anemia_11	2.328265083893839e-09
2	Oculocutaneous_albinism_type_4	2.3225695338238115e-09
2	UDPglucose_4_epimerase_deficiency	2.3219140894614638e-09
2	Bronchiectasis_with_or_without_elevated_sweat_chloride_1	2.3206709271162265e-09
2	Reactive_airway_disease	2.3202110203975e-09
2	Benign_recurrent_intrahepatic_cholestasis_type_2	2.317887719253859e-09
2	N_syndrome	2.298415625869654e-09
2	Achondrogenesis_type_II	2.2947469731914126e-09
2	Holoprosencephaly_3	2.2946366707068627e-09
2	Hypochondrogenesis	2.2940457638976685e-09
2	Imerslund_Grasbeck_syndrome	2.2921680620143924e-09
2	Paragangliomas_with_sensorineural_hearing_loss	2.278535062460358e-09
2	Anauxetic_dysplasia_1	2.2764900642210598e-09
2	Fanconi_anemia_complementation_group_E	2.276314542037853e-09
2	Hemochromatosis_type_3	2.2747293278907397e-09
2	Joubert_syndrome_22	2.273826252217632e-09
2	Hypotrichosis_11	2.2688411197830473e-09
2	Charcot_Marie_Tooth_disease_dominant_intermediate_B	2.2653524576267006e-09
2	Charcot_Marie_Tooth_disease_dominant_intermediate_B_with_neutropenia	2.2653524576267006e-09
2	Dilated_cardiomyopathy_1U	2.2586272523554035e-09
2	Carcinoma_of_fallopian_tube	2.2584947271791386e-09
2	Vulvar_neoplasm	2.2584947271791386e-09
2	Autosomal_recessive_limb_girdle_muscular_dystrophy_type_2N	2.256377812266094e-09
2	Congenital_factor_V_deficiency	2.2548261781881147e-09
2	Anovulation	2.2430804678940994e-09
2	Symmetrical_dyschromatosis_of_extremities	2.240097088484104e-09
2	Familial_juvenile_hyperuricemic_nephropathy_type_2	2.2376868968827883e-09
2	Infantile_cerebellar_retinal_degeneration	2.2369343602714422e-09
2	Hereditary_spastic_paraplegia_54	2.2352135742219362e-09
2	Xeroderma_Pigmentosum_B_Cockayne_Syndrome	2.2330744840982884e-09
2	Muscular_dystrophy_dystroglycanopathy_congenital_with_brain_and_eye_anomalies_type_A2	2.228283127434207e-09
2	Fanconi_anemia_complementation_group_D2	2.2246875984371247e-09
2	Friedreich_ataxia_with_retained_reflexes	2.221670770488563e-09
2	Friedreich_ataxia	2.221670770488563e-09
2	Sea_blue_histiocyte_syndrome	2.2184167374853563e-09
2	Glycogen_storage_disease_type_VII	2.2128660078222562e-09
2	Usher_syndrome_type_2D	2.210812944496594e-09
2	Diamond_Blackfan_anemia_1	2.2101738364982167e-09
2	Fucosidosis	2.195918399768496e-09
2	Factor_XII_deficiency_disease	2.1940028147755883e-09
2	Mulibrey_nanism_syndrome	2.191025415716159e-09
2	Papillary_renal_cell_carcinoma_type_1	2.1826155891905695e-09
2	Hereditary_spastic_paraplegia_50	2.1810746196928928e-09
2	Hereditary_spastic_paraplegia_17	2.1765516092034443e-09
2	Perrault_syndrome_4	2.1753797857883265e-09
2	Neuroblastoma_susceptibility_to_1	2.1725704979394586e-09
2	MULTIPLE_ENDOCRINE_NEOPLASIA_TYPE_IIA	2.170761490581005e-09
2	Idiopathic_basal_ganglia_calcification_1	2.170160938911534e-09
2	Diamond_Blackfan_anemia_6	2.1664178233048838e-09
2	Spondyloepimetaphyseal_dysplasia_Strudwick_type	2.1635546148623654e-09
2	Spondyloepiphyseal_dysplasia_congenita	2.1632661799078695e-09
2	Legg_Calve_Perthes_disease	2.1617431375531683e-09
2	Stickler_syndrome_type_1	2.160215917789516e-09
2	Myelodysplastic_syndrome_with_excess_blasts	2.157070005359095e-09
2	Megaconial_type_congenital_muscular_dystrophy	2.1531208334012917e-09
2	Hereditary_angioedema_type_3	2.149093066649999e-09
2	Gaucher_disease_Norrbottnian_type	2.1486354286964836e-09
2	Autosomal_recessive_nonsyndromic_hearing_loss_35	2.1484436963966453e-09
2	Fabry_disease_cardiac_variant	2.147093889277144e-09
2	Fabry_disease	2.146504644208961e-09
2	Aicardi_Goutieres_syndrome_6	2.140124435528998e-09
2	Ectodermal_dysplasia_10B_hypohidrotic/hair/tooth_type_autosomal_recessive	2.132862639437489e-09
2	Ectodermal_dysplasia_10A_hypohidrotic/hair/nail_type_autosomal_dominant	2.132862639437489e-09
2	Nephronophthisis_15	2.130261636960701e-09
2	Idiopathic_generalized_epilepsy	2.1290746269736742e-09
2	Progressive_familial_intrahepatic_cholestasis_type_1	2.1283216954041296e-09
2	3_beta_Hydroxysteroid_dehydrogenase_deficiency	2.126057793071575e-09
2	von_Willebrand_disease_type_2N	2.1251339529935593e-09
2	von_Willebrand_disease_type_2M	2.124725144331162e-09
2	Von_Willebrand_disease_type_2B	2.1242267101419056e-09
2	von_Willebrand_disease_type_2	2.123634415741999e-09
2	von_Willebrand_disease_type_3	2.123634415741999e-09
2	Von_Willebrand_disease_type_2A	2.123634415741999e-09
2	Retinitis_pigmentosa_69	2.1206142962267825e-09
2	Autosomal_recessive_limb_girdle_muscular_dystrophy_type_2K	2.114145275705856e-09
2	Muscular_dystrophy_dystroglycanopathy_congenital_with_intellectual_disability_type_B1	2.114145275705856e-09
2	Muscular_dystrophy_dystroglycanopathy_congenital_with_brain_and_eye_anomalies_type_A1	2.114145275705856e-09
2	Muscular_dystrophy_dystroglycanopathy_congenital_with_intellectual_disability_type_B2	2.112159478131269e-09
2	Sporadic_hemiplegic_migraine	2.110787228017272e-09
2	Cholestasis_intrahepatic_of_pregnancy_1	2.1093169045208036e-09
2	Benign_recurrent_intrahepatic_cholestasis_type_1	2.1093169045208036e-09
2	Cardioencephalomyopathy_fatal_infantile_due_to_cytochrome_c_oxidase_deficiency_2	2.1054310005698515e-09
2	TFQTL1_disease	2.1049888942147698e-09
2	Gaucher_disease_type_3A	2.104099141533585e-09
2	Popliteal_pterygium_syndrome	2.102808700408809e-09
2	Keratoconus_1	2.1026891451523383e-09
2	Schneckenbecken_dysplasia	2.0998255503149945e-09
2	Hereditary_spastic_paraplegia_53	2.0977649997100702e-09
2	Rafiq_syndrome	2.0946060955714053e-09
2	Cockayne_syndrome_type_1	2.094081725644544e-09
2	UV_sensitive_syndrome_2	2.092725911580189e-09
2	Chronic_neutrophilic_leukemia	2.087307528018622e-09
2	Van_der_Woude_syndrome_1	2.084266579365995e-09
2	Orofacial_cleft_6_susceptibility_to	2.084266579365995e-09
2	Metachromatic_leukodystrophy_adult_type	2.0773336991050256e-09
2	RETINAL_DYSTROPHY_EARLY_ONSET_SEVERE_LRAT_RELATED	2.0760795849358694e-09
2	RETINITIS_PIGMENTOSA_JUVENILE_LRAT_RELATED	2.0750200597102713e-09
2	Amyotrophic_lateral_sclerosis_type_12	2.074266679300412e-09
2	Prolonged_electroretinal_response_suppression_1	2.0632168295524882e-09
2	Atransferrinemia	2.063004262713775e-09
2	Spermatic_cord_torsion	2.0614276485058484e-09
2	Testicular_microlithiasis	2.0614276485058484e-09
2	46,XY_sex_reversal_11	2.0614276485058484e-09
2	Anorchism	2.0614276485058484e-09
2	Hydrocele_testis	2.0614276485058484e-09
2	Autoimmune_lymphoproliferative_syndrome_type_III_caused_by_mutation_in_PRKCD	2.0588062573992554e-09
2	Neuroblastoma_susceptibility_to	2.0538357272947362e-09
2	Short_rib_thoracic_dysplasia_6_with_or_without_polydactyly	2.0526871445266954e-09
2	Bronchiectasis_with_or_without_elevated_sweat_chloride_3	2.048662019695593e-09
2	Congenital_myopathy_4B_autosomal_recessive	2.0473937227102833e-09
2	Retinitis_pigmentosa_67	2.046357584270441e-09
2	Charcot_Marie_Tooth_disease_axonal_type_2O	2.044948081749505e-09
2	Intellectual_disability_autosomal_dominant_13	2.044948081749505e-09
2	Hereditary_spastic_paraplegia_48	2.0446373238431495e-09
2	TAKAO_VCF_SYNDROME	2.043863944315796e-09
2	Autosomal_recessive_early_onset_Parkinson_disease_7	2.0432276782327764e-09
2	Retinitis_pigmentosa_60	2.039330747874772e-09
2	Aicardi_Goutieres_syndrome_1	2.039121470587363e-09
2	Type_1_diabetes_mellitus_20	2.037131621377039e-09
2	Retinitis_pigmentosa_49	2.0289517072088458e-09
2	Autosomal_dominant_nonsyndromic_hearing_loss_4A	2.0285375419421096e-09
2	Phosphate_transport_defect	2.0177071226546373e-09
2	Glucose_6_phosphate_transport_defect	2.0164326388513716e-09
2	Glycogen_storage_disease_Id	2.0151145717662117e-09
2	Facial_dermatosis	2.0066886805183516e-09
2	Retinitis_pigmentosa_48	2.0038912010919737e-09
2	Aicardi_Goutieres_syndrome_1_autosomal_dominant	1.9989848327526018e-09
2	Nephrotic_syndrome_type_3	1.994041074469806e-09
2	Epilepsy_idiopathic_generalized_susceptibility_to_12	1.992455385045944e-09
2	Disorder_of_parathyroid_gland	1.9907157181486373e-09
2	Abnormality_of_the_adrenal_glands	1.9907157181486373e-09
2	Abnormality_of_the_parathyroid_gland	1.9907157181486373e-09
2	Disorder_of_adrenal_gland	1.9907157181486373e-09
2	Alzheimer_disease_3	1.980571428919915e-09
2	Vater_association_with_macrocephaly_and_ventriculomegaly	1.980085966129959e-09
2	Amyotrophic_lateral_sclerosis_susceptibility_to_13	1.978323510765767e-09
2	Klippel_Feil_syndrome_2_autosomal_recessive	1.9740228597906167e-09
2	Leprosy_susceptibility_to_3	1.9722911578403636e-09
2	Muscular_dystrophy_dystroglycanopathy_congenital_with_brain_and_eye_anomalies_type_A14	1.9706314807018402e-09
2	Autosomal_recessive_limb_girdle_muscular_dystrophy_type_2T	1.9706314807018402e-09
2	Muscular_dystrophy_dystroglycanopathy_congenital_with_intellectual_disability_type_B14	1.9706314807018402e-09
2	Hepatitis	1.9679757201502086e-09
2	Congenital_generalized_lipodystrophy_type_2	1.9590921787923447e-09
2	Acne_inversa_familial_3	1.9505101876738816e-09
2	Lactose_intolerance	1.9502501589871478e-09
2	Alzheimer_disease_familial_3_with_spastic_paraparesis_and_unusual_plaques	1.9479545400449896e-09
2	Bowen_Conradi_syndrome	1.947448873708309e-09
2	Infantile_neuronal_ceroid_lipofuscinosis	1.9403263623456518e-09
2	Neuronal_ceroid_lipofuscinosis_1	1.9403263623456518e-09
2	Neuronal_ceroid_lipofuscinosis_infantile_Finnish_type	1.9403263623456518e-09
2	Spinocerebellar_ataxia_type_2	1.939916128172046e-09
2	Townes_Brocks_branchiootorenal_like_syndrome	1.937421917137562e-09
2	Townes_Brocks_syndrome_1	1.935180096014238e-09
2	Alpha_1_antitrypsin_deficiency	1.933635637755883e-09
2	Thyrotoxicosis_with_toxic_multinodular_goiter	1.9331538855893884e-09
2	Deafness_encephaloneuropathy_obesity_valvulopathy_syndrome	1.9304990604081655e-09
2	Leber_congenital_amaurosis_2	1.9209095485848515e-09
2	Autosomal_dominant_nonsyndromic_hearing_loss_11	1.917578796856224e-09
2	Glycogen_storage_disease_due_to_glucose_6_phosphatase_deficiency_type_IA	1.913656884978044e-09
2	Papillon_Lefèvre_syndrome	1.9067592616314005e-09
2	HYPERLYSINEMIA_TYPE_I	1.901053708071562e-09
2	Hirschsprung_disease_protection_against	1.9004969978397687e-09
2	Osteopetrosis_with_renal_tubular_acidosis	1.899486589875061e-09
2	Hyperinsulinism_due_to_glucokinase_deficiency	1.894684077272651e-09
2	Autosomal_recessive_nonsyndromic_hearing_loss_2	1.889934236763483e-09
2	Ehlers_Danlos_syndrome_spondylodysplastic_type_1	1.886238776137579e-09
2	Gaucher_disease_type_II	1.885672529478144e-09
2	Spermatogenic_failure_12	1.8841549184264733e-09
2	Perrault_syndrome_2	1.8839371764255047e-09
2	Pigmented_nodular_adrenocortical_disease_primary_3	1.8791649241484017e-09
2	Autosomal_dominant_striatal_neurodegeneration_type_1	1.8791649241484017e-09
2	Dilated_cardiomyopathy_1GG	1.875325516515485e-09
2	Retinitis_pigmentosa_with_or_without_situs_inversus	1.869866787749173e-09
2	Pituitary_hormone_deficiency_combined_2	1.8677211037107845e-09
2	Leber_congenital_amaurosis_3	1.8606382016399087e-09
2	Retinitis_pigmentosa_94_variable_age_at_onset	1.8606382016399087e-09
2	Tyrosinemia	1.8599045525124508e-09
2	Usher_Syndrome_Type_Ib	1.8568321154866958e-09
2	Usher_syndrome_type_1	1.8568321154866958e-09
2	Familial_encephalopathy_with_neuroserpin_inclusion_bodies	1.854490764463077e-09
2	Tay_Sachs_disease_B_variant_adult_form	1.8536533782970378e-09
2	Tay_Sachs_disease	1.8536533782970378e-09
2	Tay_Sachs_disease_B1_variant	1.8536533782970378e-09
2	Gm2_gangliosidosis_adult_chronic_type	1.8536533782970378e-09
2	Tay_Sachs_disease_pseudo_AB_variant	1.8536533782970378e-09
2	Gm2_gangliosidosis_variant_b1	1.8536533782970378e-09
2	Tay_sachs_disease_juvenile	1.8536533782970378e-09
2	Fanconi_anemia_complementation_group_A	1.853327501047356e-09
2	Estren_Dameshek_Variant_of_Fanconi_Pancytopenia	1.853327501047356e-09
2	Fanconi_anemia_Estren_Dameshek_variant	1.853327501047356e-09
2	DiGeorge_syndrome	1.8528871413257065e-09
2	Thrombocytopenia_X_linked_with_or_without_dyserythropoietic_anemia	1.8501638309284137e-09
2	Xeroderma_pigmentosum_group_C	1.8455178278466382e-09
2	Urofacial_syndrome_2	1.844064774278498e-09
2	Retinitis_pigmentosa_57	1.841727969823209e-09
2	Leber_congenital_amaurosis_14	1.8414263131019701e-09
2	GROWTH_RETARDATION_PRENATAL_WITH_PROGRESSIVE_PANCYTOPENIA_AND_CEREBELLAR_HYPOPLASIA	1.839329816129347e-09
2	Stargardt_disease_4	1.8335874080677995e-09
2	Pulmonary_arterial_hypertension_related_to_hereditary_hemorrhagic_telangiectasia	1.8326202749488704e-09
2	Niemann_Pick_Disease_Intermediate_With_Visceral_Involvement_And_Rapid_Progression	1.8296827454392887e-09
2	Niemann_Pick_disease_type_E	1.8296827454392887e-09
2	Niemann_pick_disease_intermediate_protracted_neurovisceral	1.8296827454392887e-09
2	Niemann_Pick_Disease_Type_F	1.8296827454392887e-09
2	Niemann_Pick_disease_type_A	1.8296827454392887e-09
2	Phenylthiocarbamide_tasting	1.8295676221122167e-09
2	PROP_TASTING	1.8295676221122167e-09
2	Thiourea_tasting	1.8295676221122167e-09
2	Nail_disease	1.8215005760827533e-09
2	Intellectual_disability_autosomal_recessive_6	1.814958314570125e-09
2	Frontotemporal_dementia_and/or_amyotrophic_lateral_sclerosis_7	1.8143121101976248e-09
2	Dilated_cardiomyopathy_1J	1.80937724237538e-09
2	Myxoid_liposarcoma	1.8076699819104784e-09
2	Deficiency_of_alpha_mannosidase	1.8069113596613624e-09
2	PULMONARY_ALVEOLAR_MICROLITHIASIS	1.805384591293681e-09
2	Hoyeraal_Hreidarsson_syndrome	1.8021608632654055e-09
2	Periventricular_heterotopia_with_microcephaly_autosomal_recessive	1.7989156928950944e-09
2	IMAGe_syndrome	1.7962501452763418e-09
2	Usher_syndrome_type_2A	1.793282498550714e-09
2	Hereditary_spastic_paraplegia_45	1.7930318796838676e-09
2	Senior_Loken_syndrome_4	1.789340723241588e-09
2	Nephronophthisis_4	1.789340723241588e-09
2	Pontocerebellar_hypoplasia_type_8	1.7838923649232104e-09
2	Familial_benign_pemphigus	1.7836488302732733e-09
2	Sclerosteosis_1	1.7818289782898079e-09
2	Amyotrophic_lateral_sclerosis_type_6	1.7738112034017865e-09
2	Tremor_hereditary_essential_4	1.7738112034017865e-09
2	Craniodiaphyseal_dysplasia_autosomal_dominant	1.7737447202891698e-09
2	Type_1_diabetes_mellitus_2	1.7732402104505908e-09
2	Cone_rod_dystrophy_2	1.7695036803989457e-09
2	Arts_syndrome	1.7662201177302574e-09
2	Congenital_neuronal_ceroid_lipofuscinosis	1.7637818889512279e-09
2	Dilated_cardiomyopathy_1EE	1.7585974725012064e-09
2	Hypertrophic_cardiomyopathy_14	1.7585974725012064e-09
2	Neuronal_ceroid_lipofuscinosis_10	1.7583629768634043e-09
2	Ranula	1.755523954185235e-09
2	Primary_ciliary_dyskinesia_28	1.751926453310004e-09
2	Granulomatous_disease_chronic_X_linked	1.7505208464496553e-09
2	Amyotrophic_lateral_sclerosis_type_15	1.7495459634340986e-09
2	Premature_ovarian_failure_9	1.7461939883085754e-09
2	Melanoma_cutaneous_malignant_susceptibility_to_1	1.743349920695297e-09
2	Alzheimer_disease_familial_3_with_spastic_paraparesis_and_apraxia	1.743005032815929e-09
2	Azorean_disease	1.742345856951885e-09
2	Primary_ciliary_dyskinesia_23	1.7376479971949866e-09
2	Maturity_onset_diabetes_of_the_young_type_3	1.7362103246010713e-09
2	Neuronal_ceroid_lipofuscinosis_11	1.7250013265035523e-09
2	Atrial_septal_defect_6	1.7233836538000008e-09
2	Cone_rod_dystrophy_11	1.7187752124021268e-09
2	Gaucher_disease_perinatal_lethal	1.7174218843318522e-09
2	Perrault_syndrome_3	1.7102330826600967e-09
2	Porphobilinogen_synthase_deficiency	1.7089323866731812e-09
2	Basal_laminar_drusen	1.703097957401135e-09
2	Aicardi_Goutieres_syndrome_4	1.6994297973610218e-09
2	Gaucher_disease_type_III	1.6938956106220278e-09
2	Xeroderma_pigmentosum_group_E	1.6931243364859404e-09
2	Amelogenesis_imperfecta_type_1A	1.6860194997629526e-09
2	Age_related_macular_degeneration_4	1.6819842724048421e-09
2	Cataplexy	1.6775313309376198e-09
2	Low_phospholipid_associated_cholelithiasis	1.6756609922531919e-09
2	Spinocerebellar_ataxia_type_28	1.672217871102729e-09
2	Blepharospasm_benign_essential_susceptibility_to	1.669755399144589e-09
2	ALG9_congenital_disorder_of_glycosylation	1.6676153346180273e-09
2	Hearing_loss_X_linked_1	1.6620838221917236e-09
2	Paroxysmal_nocturnal_hemoglobinuria_2	1.6609938888302616e-09
2	Seizures_benign_familial_infantile_3	1.660120927480155e-09
2	MYASTHENIC_SYNDROME_CONGENITAL_1A_SLOW_CHANNEL	1.6585589560260567e-09
2	Epilepsy_juvenile_myoclonic_8	1.6565468910283508e-09
2	Epilepsy_idiopathic_generalized_susceptibility_to_11	1.6565468910283508e-09
2	Epilepsy_juvenile_absence_2	1.6565468910283508e-09
2	MPDU1_congenital_disorder_of_glycosylation	1.656434168980177e-09
2	Intellectual_disability_feeding_difficulties_developmental_delay_microcephaly_syndrome	1.6469551698537738e-09
2	Leber_congenital_amaurosis_6	1.6435468619581671e-09
2	Charcot_Marie_Tooth_disease_type_2A1	1.6425667948390198e-09
2	Cardioencephalomyopathy_fatal_infantile_due_to_cytochrome_c_oxidase_deficiency_1	1.6355046585275313e-09
2	Myopia_6	1.6355046585275313e-09
2	Epilepsy_idiopathic_generalized_susceptibility_to_1	1.6306741739755521e-09
2	EPILEPSY_IDIOPATHIC_GENERALIZED_SUSCEPTIBILITY_TO_LOCUS_ON_CHROMOSOME_8	1.6306741739755521e-09
2	Dilated_cardiomyopathy_1FF	1.6212931878178823e-09
2	Charcot_Marie_Tooth_disease_axonal_type_2N	1.619667579622223e-09
2	Retinitis_pigmentosa_41	1.6194789230117992e-09
2	Cone_rod_dystrophy_12	1.6159944149686557e-09
2	3_Methylglutaconic_aciduria_type_2	1.6093640085785118e-09
2	Retinitis_pigmentosa_43	1.6073964397250325e-09
2	Primary_ciliary_dyskinesia_6	1.5921777053155717e-09
2	Sideroblastic_anemia_2	1.591904501712924e-09
2	Mucopolysaccharidosis_MPS_III_A	1.5898173198402008e-09
2	Otospondylomegaepiphyseal_dysplasia_autosomal_dominant	1.585904305216833e-09
2	Hereditary_spastic_paraplegia_7	1.5843705929298025e-09
2	Vesicoureteral_reflux_3	1.5793840549514591e-09
2	Surfactant_metabolism_dysfunction_pulmonary_4	1.574211779345997e-09
2	Acyl_CoA_oxidase_deficiency	1.5602246772175482e-09
2	Retinitis_pigmentosa_44	1.5308116855500135e-09
2	Retinitis_pigmentosa_37	1.530708480208613e-09
2	Lesch_Nyhan_syndrome	1.5300574377107162e-09
2	Lesch_nyhan_syndrome_neurologic_variant	1.5281908158110073e-09
2	Narcolepsy_1	1.5255840394991703e-09
2	Spinocerebellar_ataxia_type_10	1.5219444193784886e-09
2	Autosomal_dominant_nonsyndromic_hearing_loss_9	1.5200901027846447e-09
2	Amyotrophic_lateral_sclerosis_type_9	1.5190191006287457e-09
2	Neuropathy_hereditary_sensory_and_autonomic_type_1A	1.5135744756586586e-09
2	Hereditary_factor_IX_deficiency_disease	1.5119232276348642e-09
2	Autosomal_dominant_optic_atrophy_classic_form	1.5105304920358568e-09
2	Combined_oxidative_phosphorylation_defect_type_15	1.4968914715138397e-09
2	Amyotrophic_lateral_sclerosis_type_8	1.4899159808777334e-09
2	Retinitis_pigmentosa_62	1.482470426218759e-09
2	Niemann_Pick_disease_type_B	1.4794567987904134e-09
2	Action_myoclonus_renal_failure_syndrome	1.4716976012505464e-09
2	Retinitis_pigmentosa_45	1.4685196098527657e-09
2	Atrial_septal_defect_3	1.4605368196892393e-09
2	Combined_oxidative_phosphorylation_defect_type_21	1.4594738251888645e-09
2	Autosomal_recessive_nonsyndromic_hearing_loss_18A	1.459109312987838e-09
2	Senior_Loken_syndrome_5	1.4583602187833408e-09
2	Reticulate_acropigmentation_of_Kitamura	1.4571522422125166e-09
2	Paragangliomas_5	1.4551366741304468e-09
2	Decreased_circulating_copper_concentration	1.454838462050955e-09
2	Gamma_aminobutyric_acid_transaminase_deficiency	1.4546621563009142e-09
2	Cobalamin_deficiency	1.4544821072547054e-09
2	Synostosis_of_Talus_and_Calcaneus_with_Short_Stature	1.453410458611436e-09
2	Maple_syrup_urine_disease_type_2	1.4533098446553683e-09
2	Intermittent_maple_syrup_urine_disease	1.4530023734177902e-09
2	Maple_syrup_urine_disease	1.4530023734177902e-09
2	Kufor_Rakeb_syndrome	1.4526134595050458e-09
2	Maple_Syrup_Urine_Disease_Type_IA	1.4507997999462373e-09
2	Intermediate_maple_syrup_urine_disease	1.4505775349817967e-09
2	Thiamine_responsive_maple_syrup_urine_disease	1.4492651922890848e-09
2	DGCR_disease	1.447966649644068e-09
2	Senior_Loken_syndrome_7	1.4475820579983046e-09
2	LEAD_POISONING_SUSCEPTIBILITY_TO	1.445002192561159e-09
2	Neuronal_ceroid_lipofuscinosis_13	1.4443425809622144e-09
2	Hypertrophic_cardiomyopathy_11	1.4356875223429545e-09
2	Atrial_septal_defect_5	1.4356875223429545e-09
2	Left_ventricular_noncompaction_4	1.4356875223429545e-09
2	Dilated_cardiomyopathy_1R	1.4355079522682646e-09
2	Dyskeratosis_congenita_X_linked	1.4330284191458158e-09
2	Diabetes_insipidus_nephrogenic_X_linked	1.4314339557153007e-09
2	Autosomal_dominant_limb_girdle_muscular_dystrophy_type_1F	1.4272416297430193e-09
2	Linear_skin_defects_with_multiple_congenital_anomalies_1	1.4241603916108206e-09
2	Cone_dystrophy_4	1.4223175330335024e-09
2	Achromatopsia_5	1.4223175330335024e-09
2	Ectopic_pregnancy	1.4222272716245792e-09
2	Meier_Gorlin_syndrome_2	1.4181526009675915e-09
2	Cone_dystrophy_1_X_linked	1.4158712810327758e-09
2	Retinitis_pigmentosa_3	1.4158712810327758e-09
2	Dyskeratosis_congenita_autosomal_dominant_1	1.4129241217669075e-09
2	Retinitis_pigmentosa_26	1.409717251828497e-09
2	Pili_torti_deafness_syndrome	1.4064838742480726e-09
2	Paroxysmal_nocturnal_hemoglobinuria_1	1.398200520516058e-09
2	Autosomal_recessive_Parkinson_disease_14	1.3971567283939549e-09
2	Hemochromatosis_type_2B	1.3930002369491456e-09
2	Congenital_stationary_night_blindness_autosomal_dominant_2	1.3908888458477417e-09
2	X_linked_cone_rod_dystrophy_1	1.3894060199703693e-09
2	Hypertrophic_cardiomyopathy_2	1.3890817555349027e-09
2	Dihydropyrimidine_dehydrogenase_deficiency	1.3850500628513668e-09
2	Miyoshi_muscular_dystrophy_3	1.3847459970514162e-09
2	Autosomal_recessive_limb_girdle_muscular_dystrophy_type_2L	1.3847459970514162e-09
2	Retinitis_pigmentosa_47	1.3809018192871452e-09
2	Retinitis_pigmentosa_40	1.3800413772658408e-09
2	Classical_maple_syrup_urine_disease	1.3734394938331634e-09
2	Benign_hereditary_chorea	1.3694231557163546e-09
2	Rippling_muscle_disease_2	1.3646574090814097e-09
2	Distal_myopathy_Tateyama_type	1.3646574090814097e-09
2	Usher_syndrome_type_1D	1.3632245515353878e-09
2	Familial_gestational_hyperthyroidism	1.3615700658634263e-09
2	Congenital_myotonia_autosomal_dominant_form	1.3550687472697948e-09
2	Autism_susceptibility_to_X_linked_1	1.35253864845106e-09
2	MOGS_congenital_disorder_of_glycosylation	1.35132563949551e-09
2	GALACTOSEMIA_DUARTE_VARIANT	1.349051465094279e-09
2	Deficiency_of_UDPglucose_hexose_1_phosphate_uridylyltransferase	1.3477143820828536e-09
2	Charcot_Marie_Tooth_disease_axonal_type_2Q	1.344543922587462e-09
2	Retinitis_pigmentosa_1	1.3435504998126348e-09
2	Cone_dystrophy_with_supernormal_rod_response	1.3412212511189326e-09
2	Medium_chain_acyl_coenzyme_A_dehydrogenase_deficiency	1.339470896223588e-09
2	COG4_congenital_disorder_of_glycosylation	1.3387285131358485e-09
2	Fructose_biphosphatase_deficiency	1.3365850407759881e-09
2	Dilated_cardiomyopathy_2A	1.3328755150936394e-09
2	Intellectual_disability_X_linked_100	1.323453679186748e-09
2	Cone_rod_dystrophy_7	1.3233186703491749e-09
2	Human_HOXA1_syndromes	1.3211379587804651e-09
2	Carnitine_palmitoyl_transferase_II_deficiency_myopathic_form	1.3184136599974367e-09
2	Granulomatous_disease_chronic_autosomal_recessive_cytochrome_b_negative	1.3164157081213204e-09
2	Carnitine_palmitoyl_transferase_II_deficiency_neonatal_form	1.3146981276868967e-09
2	Cardiomyopathy_familial_restrictive_1	1.3145358232261465e-09
2	Hypertrophic_cardiomyopathy_7	1.3145358232261465e-09
2	Intellectual_disability_X_linked_72	1.3144868012069768e-09
2	Deficiency_of_acetyl_CoA_acetyltransferase	1.3093440654855692e-09
2	Progressive_sclerosing_poliodystrophy	1.3092910129655592e-09
2	Autosomal_recessive_Alport_syndrome	1.3071336974332413e-09
2	Hereditary_spastic_paraplegia_10	1.3052751013222364e-09
2	Charcot_Marie_Tooth_disease_X_linked_recessive_5	1.304498736289499e-09
2	Parkinson_disease_17	1.3007072457825778e-09
2	Macrocephaly_developmental_delay_syndrome	1.2999635889003302e-09
2	Oguchi_disease_1	1.292090882513664e-09
2	Primary_ciliary_dyskinesia_22	1.289315242631963e-09
2	Abetalipoproteinaemia	1.2892634559065481e-09
2	Autosomal_recessive_juvenile_Parkinson_disease_2	1.2883287115431928e-09
2	Developmental_and_epileptic_encephalopathy_9	1.288316784397371e-09
2	Charcot_Marie_Tooth_disease_type_1B	1.2824291720820127e-09
2	Charcot_Marie_Tooth_disease_type_2J	1.2824291720820127e-09
2	Charcot_Marie_Tooth_disease_type_2I	1.2824291720820127e-09
2	Congenital_stationary_night_blindness_1C	1.2764317180052479e-09
2	Charcot_Marie_Tooth_disease_dominant_intermediate_D	1.2759009938570046e-09
2	Glaucoma_1_open_angle_O	1.2757676269231539e-09
2	Retinitis_pigmentosa_4	1.2757130662949794e-09
2	Congenital_stationary_night_blindness_autosomal_dominant_1	1.2757130662949794e-09
2	FTLD_TDP_TARDBP_RELATED	1.2723042745613266e-09
2	TARDBP_related_frontotemporal_dementia	1.2719412779257923e-09
2	Gaucher_disease_type_3B	1.2701183171276467e-09
2	Glycogen_storage_disease_IIIc	1.2657035536443462e-09
2	Glycogen_storage_disease_IIId	1.2654120626303441e-09
2	Glycogen_storage_disease_IIIb	1.26498908290107e-09
2	Glycogen_storage_disease_IIIa	1.26497465010693e-09
2	Glycogen_storage_disease_type_III	1.2613343836640194e-09
2	Spinocerebellar_ataxia_type_17	1.2574897207180351e-09
2	Autosomal_recessive_nonsyndromic_hearing_loss_67	1.2568000713568636e-09
2	Retinitis_pigmentosa_58	1.2564904568796494e-09
2	Dyskeratosis_congenita_autosomal_recessive_1	1.2554342513677415e-09
2	Autosomal_recessive_axonal_neuropathy_with_neuromyotonia	1.2548798848801067e-09
2	Deafness_dystonia_syndrome	1.251321306693235e-09
2	Ovarian_cancer_familial_susceptibility_to_1	1.2479876706921638e-09
2	Breast_ovarian_cancer_familial_susceptibility_to_1	1.2479876706921638e-09
2	Mucolipidosis_type_IV	1.2476716064892265e-09
2	Neuronopathy_distal_hereditary_motor_type_7B	1.2450141462965415e-09
2	ALG8_congenital_disorder_of_glycosylation	1.244405809257871e-09
2	Kahrizi_syndrome	1.2428010376040837e-09
2	SRD5A3_congenital_disorder_of_glycosylation	1.2428010376040837e-09
2	Nemaline_myopathy_2	1.2394286836253232e-09
2	Hermansky-Pudlak_syndrome_3	1.2385522799780725e-09
2	Choriocarcinoma	1.2385522799780725e-09
2	Cleft_palate	1.2385522799780725e-09
2	Placental_abruption	1.2385522799780725e-09
2	Hermansky-Pudlak_syndrome_6	1.2385522799780725e-09
2	Hermansky-Pudlak_syndrome_4	1.2385522799780725e-09
2	Benign_prostatic_hyperplasia	1.2385522799780725e-09
2	Hermansky_Pudlak_syndrome_2	1.2369608202313154e-09
2	Charcot_Marie_Tooth_disease_X_linked_recessive_4	1.2362946301307066e-09
2	Severe_X_linked_mitochondrial_encephalomyopathy	1.2362946301307066e-09
2	Ochoa_syndrome	1.2293854396893562e-09
2	FRONTOTEMPORAL_DEMENTIA_WITH_TDP43_INCLUSIONS_TARDBP_RELATED	1.221182583246617e-09
2	Combined_oxidative_phosphorylation_deficiency_19	1.2190879190942422e-09
2	Hereditary_intrinsic_factor_deficiency	1.2189303526291125e-09
2	Usher_syndrome_type_1J	1.2176713008540278e-09
2	Spinocerebellar_ataxia_type_5	1.2143326067568247e-09
2	Newfoundland_cone_rod_dystrophy	1.212263708751497e-09
2	Bothnia_retinal_dystrophy	1.212263708751497e-09
2	Combined_oxidative_phosphorylation_defect_type_8	1.199627700965912e-09
2	Advanced_sleep_phase_syndrome_1	1.1993942689948516e-09
2	Deficiency_of_steroid_11_beta_monooxygenase	1.1942194061967833e-09
2	Glucocorticoid_remediable_aldosteronism	1.1942194061967833e-09
2	Galactosylceramide_beta_galactosidase_deficiency	1.1928218966159084e-09
2	Muir_Torré_syndrome	1.1871732978156294e-09
2	BREAST_CANCER_FAMILIAL_SUSCEPTIBILITY_TO_1	1.1856717125602128e-09
2	Neoplasm_of_the_gastrointestinal_tract	1.1819283234637947e-09
2	Myasthenic_syndrome_congenital_1B_fast_channel	1.1804419010140927e-09
2	Hypotonia_with_lactic_acidemia_and_hyperammonemia	1.178359073244896e-09
2	COG1_congenital_disorder_of_glycosylation	1.167751063520846e-09
2	Achromatopsia_2	1.1651695536504435e-09
2	Hereditary_spastic_paraplegia_42	1.1647391709744207e-09
2	Developmental_and_epileptic_encephalopathy_11	1.148520593622209e-09
2	Intellectual_disability_X_linked_96	1.1459685997693761e-09
2	PPARG_related_familial_partial_lipodystrophy	1.1434778951331435e-09
2	CIDEC_related_familial_partial_lipodystrophy	1.1430925962120302e-09
2	Familial_adenomatous_polyposis_2	1.1424246741382034e-09
2	Tyrosinemia_type_III	1.139443805347262e-09
2	Generalized_epilepsy_with_febrile_seizures_plus_type_7	1.1392713306326996e-09
2	Febrile_seizures_familial_3b	1.1392713306326996e-09
2	Pigmentary_pallidal_degeneration	1.1367375850152497e-09
2	Autosomal_recessive_nonsyndromic_hearing_loss_16	1.1327194061485652e-09
2	Cholesterol_gallstones	1.1323028738974228e-09
2	MANDP1_disease	1.1313187963534545e-09
2	Spondyloepimetaphyseal_dysplasia_Missouri_type	1.1313187963534545e-09
2	Primary_ciliary_dyskinesia_19	1.1302141050617566e-09
2	Achromatopsia_4	1.1286985115592578e-09
2	MYH7_related_skeletal_myopathy	1.1270339436923562e-09
2	Familial_hemophagocytic_lymphohistiocytosis_2	1.1264168785569291e-09
2	Left_ventricular_noncompaction_5	1.1263157375157369e-09
2	ALG6_congenital_disorder_of_glycosylation_1C	1.1258021900296398e-09
2	Glycogen_storage_disease_IXb	1.1251935141877311e-09
2	Neoplasm_of_the_endocrine_system	1.1250785128590985e-09
2	Episodic_ataxia_type_5	1.1221912845311872e-09
2	Carcinoma	1.1215936740433354e-09
2	Primitive_neuroectodermal_tumor	1.1215936740433354e-09
2	Neurocytoma	1.1215936740433354e-09
2	Pontocerebellar_hypoplasia_type_6	1.1209311675826948e-09
2	Hereditary_spastic_paraplegia_47	1.1199220545843696e-09
2	MGAT2_congenital_disorder_of_glycosylation	1.118407548906109e-09
2	Hereditary_spastic_paraplegia_46	1.1167142585482981e-09
2	Hereditary_spastic_paraplegia_11	1.1160198185794363e-09
2	Familial_clubfoot_due_to_PITX1_point_mutation	1.1158295646017126e-09
2	Xeroderma_pigmentosum_variant_type	1.1129956094232939e-09
2	Hemosiderosis_systemic_due_to_aceruloplasminemia	1.110939457759078e-09
2	Cleft_soft_palate	1.1108481181119727e-09
2	Epilepsy_idiopathic_generalized_susceptibility_to_9	1.1107183236074255e-09
2	Epilepsy_juvenile_myoclonic_susceptibility_to_6	1.1107183236074255e-09
2	Meier_Gorlin_syndrome_5	1.1096188437263067e-09
2	Alveolar_soft_part_sarcoma	1.1067673506395366e-09
2	Pontocerebellar_hypoplasia_type_1A	1.1060012141878443e-09
2	Patellar_dislocation	1.105855345663152e-09
2	MEN1_SOMATIC_MUTATIONS	1.1052516532987574e-09
2	Meier_Gorlin_syndrome_3	1.1051303814127603e-09
2	Hermansky_Pudlak_syndrome_9	1.1004066287915882e-09
2	Hereditary_spastic_paraplegia_6	1.096384646647106e-09
2	Pseudo_TORCH_syndrome_1	1.0947614189155192e-09
2	Infantile_nephronophthisis	1.0936653018203323e-09
2	Leukemia_myeloid_accelerated_phase	1.0886238061976144e-09
2	Neuronal_ceroid_lipofuscinosis_3	1.0872156041626567e-09
2	Nystagmus_6_congenital_X_linked	1.086695290587104e-09
2	Ocular_albinism_type_I	1.086695290587104e-09
2	DPAGT1_congenital_disorder_of_glycosylation	1.0784134302124011e-09
2	Congenital_stationary_night_blindness_2A	1.077412677698228e-09
2	ALG3_congenital_disorder_of_glycosylation	1.0748963870708167e-09
2	X_linked_cone_rod_dystrophy_3	1.0738987415748478e-09
2	Ocular_albinism_type_II	1.0738987415748478e-09
2	Early_onset_Parkinson_disease_20	1.072848920355402e-09
2	DICER1_related_tumor_predisposition	1.0725256342681388e-09
2	Euthyroid_goiter	1.0725256342681388e-09
2	Congenital_disorder_of_glycosylation_type_1E	1.0720209691534517e-09
2	Congenital_stationary_night_blindness_autosomal_dominant_3	1.0715079273553696e-09
2	Granulomatous_disease_chronic_autosomal_recessive_cytochrome_b_positive_type_2	1.071447526438302e-09
2	Primary_ciliary_dyskinesia_3	1.0708796131601255e-09
2	Intellectual_disability_X_linked_1	1.0670967976646975e-09
2	Cardiomyopathy_familial_restrictive_3	1.0624677442109077e-09
2	Dilated_cardiomyopathy_1D	1.0624677442109077e-09
2	Hypoparathyroidism_familial_isolated_1	1.0608219079660535e-09
2	Rhizomelic_chondrodysplasia_punctata_type_2	1.0602255129560559e-09
2	Askin_tumor	1.0591770338334977e-09
2	Peripheral_neuroepithelioma	1.0591770338334977e-09
2	Primary_hyperoxaluria_type_II	1.0590428086504637e-09
2	Kostmann_syndrome	1.0470586591493412e-09
2	Pinealoma	1.0455823177003041e-09
2	Focal_segmental_glomerulosclerosis_3_susceptibility_to	1.0415183604539642e-09
2	Deficiency_of_ferroxidase	1.0390198404943603e-09
2	Diabetes_insipidus_nephrogenic_autosomal	1.0368345276939745e-09
2	Charcot_Marie_Tooth_disease_type_2A2	1.031053773371199e-09
2	Pyruvate_carboxylase_deficiency	1.0270751492608046e-09
2	Retinal_dystrophy_early_onset_severe	1.0257330939548866e-09
2	Severe_early_childhood_onset_retinal_dystrophy	1.0255125971614194e-09
2	Grebe_syndrome	1.0229885795777835e-09
2	Radial_aplasia_thrombocytopenia_syndrome	1.0221658129859042e-09
2	Synovial_sarcoma	1.0203386632863452e-09
2	Retinitis_pigmentosa_19	1.011904834930001e-09
2	Citrullinemia	1.0035002472269667e-09
2	Citrullinemia_type_I	1.0035002472269667e-09
2	Arginase_deficiency	9.990500257336356e-10
2	Premature_ovarian_failure_8	9.979184813685017e-10
2	Perinatal_lethal_hypophosphatasia	9.962986023089685e-10
2	Dyslexia_susceptibility_to_2	9.958484911655764e-10
2	Combined_oxidative_phosphorylation_defect_type_17	9.955092256327363e-10
2	Odontohypophosphatasia	9.952447890155502e-10
2	Adult_hypophosphatasia	9.942515789061152e-10
2	Childhood_hypophosphatasia	9.940602646648047e-10
2	Carnitine_palmitoyl_transferase_II_deficiency_severe_infantile_form	9.926762990744463e-10
2	Infantile_hypophosphatasia	9.92413854406052e-10
2	Retinitis_pigmentosa_59	9.845973280313798e-10
2	Choroideremia	9.838592393503055e-10
2	Pyruvate_dehydrogenase_E3_binding_protein_deficiency	9.800725631165034e-10
2	Maple_syrup_urine_disease_type_1B	9.778450672212595e-10
2	Hermansky_Pudlak_syndrome_4	9.778025094354117e-10
2	Choroidal_sclerosis	9.76503860085152e-10
2	Fatal_mitochondrial_disease_due_to_combined_oxidative_phosphorylation_defect_type_3	9.727726463476716e-10
2	Chorangioma	9.700127759733528e-10
2	Glaucoma_1_open_angle_G	9.67900130270631e-10
2	Hereditary_spastic_paraplegia_15	9.652849567069733e-10
2	Maturity_onset_diabetes_of_the_young_type_10	9.652360626092456e-10
2	Intellectual_disability_autosomal_dominant_2	9.65033599797267e-10
2	Juvenile_onset_Parkinson_disease_19A	9.597567216321418e-10
2	Parkinson_disease_19B_early_onset	9.597567216321418e-10
2	Hereditary_spastic_paraplegia_3A	9.575237308581884e-10
2	PALLISTER-HALL-LIKE_SYNDROME	9.558418846095363e-10
2	Hemangioblastoma	9.558418846095363e-10
2	Neurofibromatosis,_familial_spinal	9.558418846095363e-10
2	Neuropathy_hereditary_sensory_type_1D	9.543919600440446e-10
2	Congenital_disorder_of_glycosylation_type_Ibb	9.497240903480209e-10
2	Disorder_of_endocrine_system	9.446377788593016e-10
2	Hereditary_spastic_paraplegia_57	9.402826637829338e-10
2	Cystinuria_type_B	9.373812719700164e-10
2	Hereditary_cerebral_amyloid_angiopathy_Icelandic_type	9.369319608672915e-10
2	Age_related_macular_degeneration_11	9.369319608672915e-10
2	Cystinuria_type_a/b	9.36336397894931e-10
2	Cystinuria_type_A	9.339424825565794e-10
2	Autosomal_recessive_nonsyndromic_hearing_loss_36	9.244838843478133e-10
2	DEAFNESS_AUTOSOMAL_DOMINANT_WITHOUT_VESTIBULAR_INVOLVEMENT	9.244838843478133e-10
2	Combined_oxidative_phosphorylation_defect_type_4	9.225634817980722e-10
2	Spinocerebellar_ataxia_type_13	9.223832560660453e-10
2	Age_related_macular_degeneration_2	9.217283814503598e-10
2	Acne_inversa_familial_1	9.217252747809607e-10
2	Leber_congenital_amaurosis_9	9.214968683449862e-10
2	Ventricular_septal_defect_3	9.207392306902904e-10
2	Atrial_septal_defect_7	9.207392306902904e-10
2	Hypothyroidism_congenital_nongoitrous_5	9.207392306902904e-10
2	Hypoplastic_left_heart_syndrome_2	9.207392306902904e-10
2	Protoporphyria_erythropoietic_1	9.191631103650072e-10
2	Tyrosinase_negative_oculocutaneous_albinism	9.168008191859925e-10
2	Chédiak_Higashi_syndrome	9.160036127842793e-10
2	Neuroblastoma_susceptibility_to_2	9.157624169604718e-10
2	Temperature_sensitive_oculocutaneous_albinism_type_1	9.153999265615467e-10
2	Bernard_Soulier_syndrome_type_A2_autosomal_dominant	9.150165467088326e-10
2	Nonpersistence_of_intestinal_lactase	9.115494852133543e-10
2	Lactase_persistence	9.115494852133543e-10
2	Cone_rod_dystrophy_3	9.111004796830662e-10
2	Autoimmune_lymphoproliferative_syndrome_type_2A	9.10832840352378e-10
2	Hyperinsulinemic_hypoglycemia_familial_2	9.070583313732582e-10
2	Intellectual_disability_X_linked_21	9.024255111387842e-10
2	Waardenburg_syndrome_type_4B	8.91876713633027e-10
2	Carbamoyl_phosphate_synthetase_1_deficiency	8.854792301937884e-10
2	Congenital_hyperammonemia_type_I	8.854792301937884e-10
2	Oculocutaneous_albinism_type_3	8.827138545883828e-10
2	Microcephaly_seizures_and_developmental_delay	8.815963932383834e-10
2	Autosomal_recessive_nonsyndromic_hearing_loss_59	8.793522385995667e-10
2	Charcot_Marie_Tooth_disease_type_2D	8.768453118809449e-10
2	Febrile_seizures_familial_3a	8.751453688800947e-10
2	Multiple_endocrine_neoplasia_type_1	8.729291667229617e-10
2	Dyskeratosis_congenita_autosomal_dominant_4	8.718256550861636e-10
2	Seckel_syndrome_8	8.707953042642599e-10
2	Dyskeratosis_congenita_autosomal_recessive_5	8.701603203014739e-10
2	Aicardi_Goutieres_syndrome_2	8.684953187872097e-10
2	Primary_ciliary_dyskinesia_15	8.660452367175989e-10
2	Autosomal_recessive_dyskeratosis_congenita_4	8.645749494084053e-10
2	Juvenile_myoclonic_epilepsy	8.581369190484585e-10
2	Hyperlipoproteinemia_type_I	8.486237339495444e-10
2	Migraine_familial_hemiplegic_3	8.471194703303844e-10
2	Velopharyngeal_insufficiency	8.465636868494823e-10
2	High_density_lipoprotein_cholesterol_level_quantitative_trait_locus_11	8.460280582547313e-10
2	Familial_infantile_myasthenia	8.417215826454057e-10
2	Hemochromatosis_type_4	8.396346641160343e-10
2	Charcot_Marie_Tooth_disease_type_1D	8.379108387078663e-10
2	Argininosuccinate_lyase_deficiency	8.374333452718433e-10
2	Neuropathy_hereditary_sensory_and_autonomic_type_1C	8.352319924712738e-10
2	Deficiency_of_iodide_peroxidase	8.33591072092984e-10
2	CARDIOMYOPATHY_FAMILIAL_HYPERTROPHIC_23_WITH_OR_WITHOUT_VENTRICULAR_NONCOMPACTION	8.238386641813619e-10
2	Dilated_cardiomyopathy_1AA	8.236850478301947e-10
2	Juvenile_retinitis_pigmentosa_AIPL1_related	8.216404164994513e-10
2	CONE_ROD_DYSTROPHY_AIPL1_RELATED	8.216404164994513e-10
2	Hypercholesterolemia_autosomal_dominant_type_B	8.202185597855132e-10
2	Parkinson_disease_13_autosomal_dominant_susceptibility_to	8.197623435153466e-10
2	Neurofibromatosis_type_2	8.159295621810371e-10
2	Hereditary_spastic_paraplegia_4	8.159113734419018e-10
2	Thyrotropin_Biologically_Inactive	8.139630221435077e-10
2	Isolated_thyroid_stimulating_hormone_deficiency	8.139630221435077e-10
2	Spastic_paraplegia_52_autosomal_recessive	8.122094550239264e-10
2	Methylmalonic_aciduria_cblB_type	8.107203617777965e-10
2	SPERMATOGENIC_FAILURE_6	8.025426227276846e-10
2	Granulomatous_disease_chronic_autosomal_recessive_cytochrome_b_positive_type_1	8.015840170143348e-10
2	Factor_XIII,_A_subunit,_deficiency_of	7.980633986391604e-10
2	Autosomal_dominant_nonsyndromic_hearing_loss_23	7.953045285296125e-10
2	Microcephaly_5_primary_autosomal_recessive	7.924683446511386e-10
2	Leber_congenital_amaurosis_1	7.909038909026529e-10
2	Complement_component_3_deficiency	7.895310410123926e-10
2	Atypical_hemolytic_uremic_syndrome_with_C3_anomaly	7.895310410123926e-10
2	Lissencephaly_type_1_due_to_doublecortin_gene_mutation	7.850350479591586e-10
2	VATER_association	7.810914782339019e-10
2	Amyotrophic_lateral_sclerosis_type_10	7.810046510581211e-10
2	Classic_congenital_adrenal_hyperplasia_due_to_21_hydroxylase_deficiency	7.791830557946144e-10
2	Hyperandrogenism_nonclassic_type_due_to_21_hydroxylase_deficiency	7.745276046084195e-10
2	Methylmalonic_aciduria_and_homocystinuria_type_cblD	7.719269961479139e-10
2	Bartter_disease_type_2	7.707664562173454e-10
2	Autosomal_dominant_nonsyndromic_hearing_loss_12	7.694217197853941e-10
2	Autosomal_recessive_nonsyndromic_hearing_loss_21	7.694217197853941e-10
2	Vesicoureteral_reflux_2	7.643303680170889e-10
2	Intellectual_disability_autosomal_dominant_10	7.572198898202812e-10
2	Colorectal_cancer_hereditary_nonpolyposis_type_2	7.541036003251952e-10
2	Granulomatous_disease_chronic_autosomal_recessive_cytochrome_b_positive_type_3	7.538469778169509e-10
2	Sitosterolemia	7.499441663216674e-10
2	Macular_dystrophy_retinal_5	7.493546295309277e-10
2	Retinitis_pigmentosa_65	7.493546295309277e-10
2	Cone_rod_dystrophy_15	7.493546295309277e-10
2	Dilated_cardiomyopathy_1S	7.490295261912368e-10
2	Hereditary_spastic_paraplegia_43	7.471493515946319e-10
2	Neurologic_disorder_of_eye_movements	7.464438891140809e-10
2	Exophthalmic_ophthalmoplegia	7.464438891140809e-10
2	Ocular_motility_disease	7.464438891140809e-10
2	Ophthalmoplegia_due_to_diabetes_mellitus	7.464438891140809e-10
2	Internuclear_ophthalmoplegia	7.464438891140809e-10
2	Internal_ophthalmoplegia	7.464438891140809e-10
2	Progressive_supranuclear_palsy	7.464438891140809e-10
2	External_ophthalmoplegia	7.464438891140809e-10
2	Progressive_external_ophthalmoplegia	7.464438891140809e-10
2	Total_internal_ophthalmoplegia	7.464438891140809e-10
2	Congenital_nuclear_ophthalmoplegia	7.464438891140809e-10
2	Kearns-Sayre_syndrome	7.464438891140809e-10
2	Cycloplegia	7.464438891140809e-10
2	Subcortical_laminar_heterotopia_X_linked	7.460072717168643e-10
2	Subcortical_Band_Heterotopia_X_Linked	7.460072717168643e-10
2	Extraskeletal_myxoid_chondrosarcoma	7.446655461811997e-10
2	Congenital_lactic_acidosis_Saguenay_Lac_Saint_Jean_type	7.430944365401746e-10
2	Atrioventricular_septal_defect_susceptibility_to_2	7.404491621471242e-10
2	Atrioventricular_septal_defect_partial_with_heterotaxy_syndrome	7.404491621471242e-10
2	Homocystinuria_cblD_type_variant_1	7.334635303444658e-10
2	Vitamin_B12_responsive_methylmalonic_acidemia_type_cblDv2	7.334635303444658e-10
2	Prostate_cancer_hereditary_1	7.319737377121782e-10
2	Reduced_blood_folate_concentration	7.267926215405776e-10
2	Acquired_susceptibility_to_long_QT_syndrome_1	7.237886716914733e-10
2	Atrial_fibrillation_familial_3	7.237886716914733e-10
2	Jervell_and_Lange_Nielsen_syndrome_1	7.227824998844244e-10
2	Short_QT_syndrome_type_2	7.226561384678335e-10
2	Esophoria	7.222656245812961e-10
2	Hirschsprung_disease_ganglioneuroblastoma	7.209448282686344e-10
2	Early_onset_generalized_limb_onset_dystonia	7.204976648624348e-10
2	Long_QT_syndrome_11	7.203910468298772e-10
2	Spondylocostal_dysostosis_5	7.199490811500289e-10
2	ADNP_related_multiple_congenital_anomalies___intellectual_disability___autism_spectrum_disorder	7.194974116577263e-10
2	Chronic_Motor_Tics	7.193585797365218e-10
2	Long_QT_syndrome_1	7.187910704926978e-10
2	Central_core_myopathy	7.172626822938291e-10
2	Brachydactyly_type_D	7.15881855213283e-10
2	Synpolydactyly_type_1	7.15881855213283e-10
2	Syndactyly_type_5	7.15881855213283e-10
2	Brachydactyly_syndactyly_oligodactyly_syndrome	7.15881855213283e-10
2	Brachydactyly_type_E1	7.15881855213283e-10
2	Cone_rod_dystrophy_6	7.141886414886279e-10
2	Ceroid_lipofuscinosis_neuronal_6B_Kufs_type	7.123683750992792e-10
2	Ceroid_lipofuscinosis_neuronal_6A	7.123683750992792e-10
2	Congenital_prothrombin_deficiency	7.115514833912898e-10
2	Malignant_hyperthermia_susceptibility_to_1	7.089546171104185e-10
2	Congenital_neutropenia_myelofibrosis_nephromegaly_syndrome	7.065438240083282e-10
2	Reticular_dysgenesis	7.053021663988893e-10
2	Dyskeratosis_congenita_autosomal_recessive_3	7.019010317395685e-10
2	Retinitis_pigmentosa_64	6.963656751977507e-10
2	Optic_atrophy_3	6.923038888014856e-10
2	Progressive_myoclonic_epilepsy_type_6	6.86467154151638e-10
2	Prader-Willi_syndrome	6.844666065332184e-10
2	Faciogenital_Dysplasia_with_Attention_Deficit-Hyperactivity_Disorder	6.844666065332184e-10
2	Roberts-SC_phocomelia_syndrome	6.844666065332184e-10
2	Blepharophimosis_-_intellectual_disability_syndrome,_MKB_type	6.844666065332184e-10
2	Symphalangism-brachydactyly_syndrome	6.844666065332184e-10
2	Simpson-Golabi-Behmel_syndrome_type_2	6.844666065332184e-10
2	Meckel_syndrome,_type_1	6.844666065332184e-10
2	Meckel_syndrome,_type_11	6.844666065332184e-10
2	Meckel_syndrome,_type_2	6.844666065332184e-10
2	Meckel_syndrome,_type_8	6.844666065332184e-10
2	Troyer_syndrome	6.844666065332184e-10
2	Meckel_syndrome,_type_3	6.844666065332184e-10
2	Cold-induced_sweating_syndrome_2	6.844666065332184e-10
2	Prader-Willi-like_syndrome_associated_with_chromosome_6	6.844666065332184e-10
2	Intellectual_developmental_disorder,_X-linked,_syndromic_16	6.844666065332184e-10
2	Tarsal-carpal_coalition_syndrome	6.844666065332184e-10
2	Complement_component_4a_deficiency	6.832419320979586e-10
2	Orotic_aciduria_without_megaloblastic_anemia	6.82455428105787e-10
2	Rhabdomyosarcoma_1	6.823714558909892e-10
2	Premature_ovarian_failure_3	6.819762823497571e-10
2	Bosley_Salih_Alorainy_syndrome	6.725693846911726e-10
2	PMM2_congenital_disorder_of_glycosylation	6.721739549988055e-10
2	Hydatidiform_mole	6.720465916600598e-10
2	Aortic_valve_disease_2	6.705839120551455e-10
2	Brachydactyly_syndactyly_syndrome	6.67524887281636e-10
2	Combined_oxidative_phosphorylation_defect_type_13	6.668168678810001e-10
2	Cone_rod_dystrophy_16	6.612721696553167e-10
2	Cataract_1_multiple_types	6.545395962129478e-10
2	Joubert_syndrome_9/15,_digenic	6.489143095451356e-10
2	Autosomal_dominant_nonsyndromic_hearing_loss_48	6.449799317345243e-10
2	Hereditary_orotic_aciduria_type_1	6.447959589752898e-10
2	Vaginal_neoplasm	6.427794857123318e-10
2	Maturity_onset_diabetes_of_the_young_type_2	6.324098523070265e-10
2	Developmental_and_epileptic_encephalopathy_18	6.177235474381438e-10
2	Hypokalemic_periodic_paralysis_type_1	6.155770341980684e-10
2	Hereditary_factor_XI_deficiency_disease	6.154465914815179e-10
2	Generalized_epilepsy_with_febrile_seizures_plus_type_2	6.14692098411224e-10
2	Arrhythmogenic_right_ventricular_dysplasia_9	6.135937518022983e-10
2	Multiple_epiphyseal_dysplasia_type_1	6.130782705125653e-10
2	Fairbank_disease	6.130782705125653e-10
2	Retinitis_pigmentosa_25	6.098908738832463e-10
2	Hereditary_factor_XIII_deficiency_disease	6.072831061278621e-10
2	Dilated_cardiomyopathy_1Z	6.027214312855139e-10
2	Hypertrophic_cardiomyopathy_13	6.027214312855139e-10
2	Combined_oxidative_phosphorylation_defect_type_11	6.020499666411624e-10
2	Opsoclonus	5.997449848429507e-10
2	Cone-rod_dystrophy_20	5.997449848429507e-10
2	Cone_rod_dystrophy_13	5.992991522334281e-10
2	Congenital_heart_defects_multiple_types_1_X_linked	5.958527368271659e-10
2	Heterotaxy_visceral_1_X_linked	5.958527368271659e-10
2	Pure_autonomic_failure	5.957248763768738e-10
2	Arrhythmogenic_right_ventricular_dysplasia_10	5.955260244420984e-10
2	Dilated_cardiomyopathy_1BB	5.955260244420984e-10
2	Congenital_contractural_arachnodactyly	5.952943988027391e-10
2	Atrial_fibrillation_familial_15	5.896134464006374e-10
2	Focal_segmental_glomerulosclerosis_2	5.875953754677349e-10
2	Ornithine_carbamoyltransferase_deficiency	5.836627218251655e-10
2	Macular_syphilide	5.833190092444814e-10
2	Patella_aplasia/hypoplasia	5.808465924626712e-10
2	Choroidal_dystrophy,_central_areolar_2	5.784081309715559e-10
2	Sarcotubular_myopathy	5.728557498861413e-10
2	Glycogen_storage_disease_type_II	5.712106592501213e-10
2	Combined_oxidative_phosphorylation_defect_type_2	5.684761862401061e-10
2	Nephrotic_syndrome_type_8	5.682283250191115e-10
2	Meningococcal_infection	5.670416209429674e-10
2	Autosomal_dominant_nonsyndromic_hearing_loss_36	5.654477546757671e-10
2	Autosomal_recessive_nonsyndromic_hearing_loss_7	5.654477546757671e-10
2	Neoplasm_of_the_nervous_system	5.635944685867507e-10
2	Hereditary_coproporphyria	5.559074406492578e-10
2	Retinitis_pigmentosa_61	5.544717595352224e-10
2	Multiple_system_atrophy_1_susceptibility_to	5.527808445104318e-10
2	Coenzyme_Q10_deficiency_primary_1	5.518543372752059e-10
2	Renal_carcinoma	5.51026250534468e-10
2	Tyrosinemia_type_I	5.464087461678248e-10
2	Brugada_syndrome_8	5.382928138114724e-10
2	Sick_sinus_syndrome_2_autosomal_dominant	5.382928138114724e-10
2	Brugada_syndrome_2	5.380064395436196e-10
2	Hypophosphatemic_rickets_X_linked_recessive	5.369691579529149e-10
2	Intellectual_disability_autosomal_recessive_34	5.368404679143305e-10
2	Usher_syndrome_type_1C	5.364895136306346e-10
2	Colorectal_cancer,_susceptibility_to,_3	5.362603483849585e-10
2	Pulmonary_lymphangiomyomatosis	5.362603483849585e-10
2	Colorectal_cancer,_hereditary_nonpolyposis,_type_2	5.362603483849585e-10
2	Cyclical_neutropenia	5.342525628242943e-10
2	Familial_renal_glucosuria	5.296493927332197e-10
2	Familial_Mediterranean_fever_autosomal_dominant	5.29166417445332e-10
2	Premature_ovarian_failure_5	5.261056301980316e-10
2	Obstructive_jaundice	5.205574812083066e-10
2	Cholestasis_intrahepatic_of_pregnancy_3	5.191886363541958e-10
2	Progressive_familial_intrahepatic_cholestasis_type_3	5.186839886409479e-10
2	Pseudoachondroplastic_spondyloepiphyseal_dysplasia_syndrome	5.139135543978746e-10
2	Epiphyseal_Dysplasia_Ribbing_Type	5.139135543978746e-10
2	USH1D/F_CDH23/PCDH15_DIGENIC	5.136282817699107e-10
2	Cobalamin_C_disease	5.13131293362322e-10
2	Epiphyseal_dysplasia_multiple_6	5.114223994823715e-10
2	Dyschromatosis_universalis_hereditaria_3	5.10470702683468e-10
2	Charcot_Marie_Tooth_disease_type_4F	5.088101556713147e-10
2	Interstitial_lung_disease_2	5.024935947268374e-10
2	Neoplasm_of_the_oral_cavity	5.007133734942828e-10
2	Oral_lesion	5.007133734942828e-10
2	Joubert_syndrome_34	4.965840783644706e-10
2	Dyskeratosis_congenita_autosomal_dominant_2	4.956209095559314e-10
2	METHYLMALONIC_ACIDURIA_AND_HOMOCYSTINURIA_cblC_TYPE_DIGENIC	4.947661494369141e-10
2	Hypotrichosis_7	4.901794543903247e-10
2	Woolly_hair_autosomal_recessive_2_with_or_without_hypotrichosis	4.901794543903247e-10
2	WH/HT	4.901794543903247e-10
2	Renal_cysts_and_diabetes_syndrome	4.895682472708842e-10
2	Multiple_epiphyseal_dysplasia_type_5	4.864337932404499e-10
2	Intellectual_disability_autosomal_recessive_1	4.850791539858409e-10
2	Thyroid_dyshormonogenesis_6	4.810343334529905e-10
2	Telangiectasia_hereditary_hemorrhagic_type_5	4.797000248195244e-10
2	Drug-induced_mucositis	4.791410978273369e-10
2	Brachydactyly_type_E2	4.789180632906286e-10
2	Nasal_disorder	4.775484630957853e-10
2	Aicardi_Goutieres_syndrome_7	4.767574809218777e-10
2	Increased_size_of_the_mandible	4.755770275864112e-10
2	Mandibular_prognathia	4.755770275864112e-10
2	Congenital_generalized_lipodystrophy_type_1	4.750526457090255e-10
2	Peeling_skin_syndrome_1	4.735661767714799e-10
2	Hereditary_leiomyomatosis_and_renal_cell_cancer	4.710886062489586e-10
2	Melanoma,_cutaneous_malignant,_susceptibility_to,_2	4.710886062489586e-10
2	Malignant_squamous_cell_neoplasm	4.710886062489586e-10
2	Melanoma,_cutaneous_malignant,_susceptibility_to,_1	4.710886062489586e-10
2	Steatocystoma_multiplex	4.710886062489586e-10
2	Basal_Cell_Carcinoma,_Nonsyndromic	4.710886062489586e-10
2	Basal_cell_nevi	4.710886062489586e-10
2	Basal_cell_carcinoma,_susceptibility_to,_1	4.710886062489586e-10
2	Basal_cell_carcinoma,_multiple	4.710886062489586e-10
2	Melanoma,_cutaneous_malignant,_susceptibility_to,_8	4.710886062489586e-10
2	Cutaneous_neuroendocrine_carcinoma	4.710886062489586e-10
2	Papilloma	4.710886062489586e-10
2	Melanoma,_cutaneous_malignant,_susceptibility_to,_3	4.710886062489586e-10
2	Xeroderma_Pigmentosum_B-Cockayne_Syndrome	4.710886062489586e-10
2	Xeroderma_pigmentosum,_group_C	4.710886062489586e-10
2	Spinocerebellar_ataxia_type_8	4.694267175744885e-10
2	Hermansky_Pudlak_syndrome_8	4.683483959988298e-10
2	Hypertriglyceridemia_1	4.682824964937725e-10
2	Hypotrichosis_6	4.657918217338123e-10
2	Encephalopathy	4.655421894129063e-10
2	Autosomal_dominant_nonsyndromic_hearing_loss_25	4.654108533027727e-10
2	Constitutional_megaloblastic_anemia_with_severe_neurologic_disease	4.650821801415975e-10
2	Intellectual_disability-hypotonia-spasticity-sleep_disorder_syndrome	4.6507428762868376e-10
2	Chronic_rhinitis	4.623181316662077e-10
2	Soft_tissue_infection	4.623181316662077e-10
2	Nasal_infection	4.623181316662077e-10
2	Infection_-_suppurative	4.623181316662077e-10
2	Infectious_disease_of_mucous_membrane	4.623181316662077e-10
2	Upper_respiratory_infection	4.623181316662077e-10
2	Mucopolysaccharidosis_type_7	4.6158200778908284e-10
2	Meckel_syndrome_type_10	4.6122185980311344e-10
2	DPM3_congenital_disorder_of_glycosylation	4.605016014103545e-10
2	Neuropathy,_hereditary_sensory_and_autonomic,_type_2A	4.5960395657740374e-10
2	Morphological_central_nervous_system_abnormality	4.5944531180974534e-10
2	Nemaline_myopathy_5	4.5944062476542963e-10
2	Pseudo-TORCH_syndrome_1	4.589946048632016e-10
2	Charcot-Marie-Tooth_disease_type_2A2	4.589946048632016e-10
2	Hereditary_spastic_paraplegia_55	4.5805667637254027e-10
2	Familial_X_linked_hypophosphatemic_vitamin_D_refractory_rickets	4.5747084889128473e-10
2	Atrial_fibrillation_familial_7	4.574355194070971e-10
2	Muscular_dystrophy_dystroglycanopathy_congenital_with_brain_and_eye_anomalies_type_A5	4.5722205052679683e-10
2	Muscular_dystrophy_dystroglycanopathy_type_B5	4.5722205052679683e-10
2	Autosomal_recessive_limb_girdle_muscular_dystrophy_type_2I	4.5722205052679683e-10
2	Neuronopathy,_distal_hereditary_motor,_type_2C	4.5661090417576367e-10
2	Cone_rod_dystrophy_19	4.535313130425158e-10
2	Anterior_horn_disorder	4.5317136561704404e-10
2	NEUROPATHY,_CONGENITAL_HYPOMYELINATING,_1,_AUTOSOMAL_DOMINANT	4.5317136561704404e-10
2	Abnormal_peripheral_nervous_system_morphology	4.5317136561704404e-10
2	Neuronopathy,_distal_hereditary_motor,_type_2B	4.5317136561704404e-10
2	Gm2-gangliosidosis,_adult_chronic_type	4.5317136561704404e-10
2	Gm2-gangliosidosis,_variant_b1	4.5317136561704404e-10
2	Hypoesthesia	4.5317136561704404e-10
2	Neuropathy,_hereditary_sensory,_type_2C	4.5317136561704404e-10
2	Deafness-encephaloneuropathy-obesity-valvulopathy_syndrome	4.5317136561704404e-10
2	Tay-sachs_disease,_juvenile	4.5317136561704404e-10
2	Tay-Sachs_disease,_B_variant,_adult_form	4.5317136561704404e-10
2	Tay-Sachs_disease,_B1_variant	4.5317136561704404e-10
2	Tay-Sachs_disease	4.5317136561704404e-10
2	Tay-Sachs_disease,_pseudo-AB_variant	4.5317136561704404e-10
2	Charcot-Marie-Tooth_disease_type_4E	4.5317136561704404e-10
2	Neuronopathy_distal_hereditary_motor_type_2C	4.509456359966135e-10
2	Vaginismus	4.4875746190040394e-10
2	Combined_oxidative_phosphorylation_defect_type_7	4.4618247420908393e-10
2	Kugelberg_Welander_disease	4.4536788272089983e-10
2	Adenoma_sebaceum	4.421019867790032e-10
2	Sebaceous_adenoma	4.421019867790032e-10
2	Horner_syndrome	4.414381144685119e-10
2	Neoplasm_of_the_thymus	4.397185613570257e-10
2	Congenital_lipoid_adrenal_hyperplasia_due_to_STAR_deficency	4.3770204695188383e-10
2	Thrombocytopenia_2	4.365080424534655e-10
2	Hypotrichosis_2	4.355853605895677e-10
2	Mesothelioma,_malignant	4.31894629828162e-10
2	Ocular_albinism,_type_I	4.31894629828162e-10
2	Blepharophimosis_-_intellectual_disability_syndrome,_SBBYS_type	4.31894629828162e-10
2	Tyrosinase-positive_oculocutaneous_albinism	4.31894629828162e-10
2	Neoplasm_of_the_respiratory_system	4.31894629828162e-10
2	Pancreatic_cancer,_susceptibility_to,_2	4.31894629828162e-10
2	Temperature-sensitive_oculocutaneous_albinism_type_1	4.31894629828162e-10
2	Hypermethioninemia_with_deficiency_of_S_adenosylhomocysteine_hydrolase	4.288005243701133e-10
2	Factor_XIII_A_subunit_deficiency_of	4.252280369347373e-10
2	Amyotrophic_lateral_sclerosis_type_4	4.2337616519598263e-10
2	Dentinogenesis_imperfecta_type_2	4.223619784628021e-10
2	Dentinogenesis_imperfecta_type_3	4.223619784628021e-10
2	Deafness_autosomal_dominant_39_with_dentinogenesis_imperfecta_1	4.223619784628021e-10
2	Dentin_dysplasia_type_II	4.223619784628021e-10
2	Autosomal_recessive_polycystic_kidney_disease	4.162213690507672e-10
2	Congenital_hepatic_fibrosis	4.1579688773171034e-10
2	Joubert_syndrome_17	4.136070715812968e-10
2	X_linked_lymphoproliferative_disease_due_to_XIAP_deficiency	4.123741590064556e-10
2	Neoplasm_of_the_peripheral_nervous_system	4.1201867361360774e-10
2	Spinocerebellar_ataxia_autosomal_recessive_with_axonal_neuropathy_2	4.0973537803873685e-10
2	Severe_congenital_hypochromic_anemia_with_ringed_sideroblasts	4.0569340298504846e-10
2	Spermatogenic_failure_Y_linked_2	4.0442600487665347e-10
2	AZF_REGIONS	4.0442600487665347e-10
2	Epiphyseal_dysplasia_multiple_2	3.9994609897502825e-10
2	Short_stature_and_advanced_bone_age_with_or_without_early_onset_osteoarthritis_and/or_osteochondritis_dissecans	3.9866651154153575e-10
2	Neoplasm_of_the_lip	3.9653328226900265e-10
2	Neurofibromatosis	3.9523661894569726e-10
2	Non-small_cell_lung_carcinoma	3.933515683342955e-10
2	Continuous_spikes_and_waves_during_sleep	3.919193000437395e-10
2	RESDAD	3.919193000437395e-10
2	Landau_Kleffner_syndrome	3.919193000437395e-10
2	Long_QT_syndrome_10	3.896963865286791e-10
2	Atrial_fibrillation_familial_17	3.896963865286791e-10
2	Malignant_neoplasm_of_skin	3.894350102777296e-10
2	Heberden_node	3.883276101649819e-10
2	Osteoarthritis_susceptibility_2	3.883276101649819e-10
2	Hereditary_spherocytosis_type_4	3.859654043495259e-10
2	Epsilon-trimethyllysine_hydroxylase_deficiency	3.822498959313905e-10
2	Spermatogenic_failure_3	3.8195764847805283e-10
2	Neoplasm_of_the_genitourinary_tract	3.813557889439519e-10
2	Autosomal_recessive_osteopetrosis_7	3.7980422989028105e-10
2	Familial_steroid_resistant_nephrotic_syndrome_with_sensorineural_deafness	3.767698599244485e-10
2	Maturity_onset_diabetes_of_the_young_type_6	3.7608659584725005e-10
2	Myoclonic_epilepsy_juvenile_susceptibility_to_1	3.721719986616024e-10
2	Epilepsy_juvenile_absence_susceptibility_to_1	3.721719986616024e-10
2	Acrocapitofemoral_dysplasia	3.718678873998053e-10
2	Atrial_fibrillation_familial_6	3.7000826655823314e-10
2	Autosomal_recessive_nonsyndromic_hearing_loss_22	3.6847358868309e-10
2	Retinitis_pigmentosa_54	3.6495482152233196e-10
2	Complement_component_6_deficiency	3.6286591552383793e-10
2	Spinal_muscular_atrophy_type_II	3.536758484649986e-10
2	Werdnig_Hoffmann_disease	3.536758484649986e-10
2	Spinal_muscular_atrophy_type_IV	3.536758484649986e-10
2	Mitochondrial_hypertrophic_cardiomyopathy_with_lactic_acidosis_due_to_MTO1_deficiency	3.5289229170772215e-10
2	Retina_neoplasm	3.516417004511113e-10
2	IL21_related_infantile_inflammatory_bowel_disease	3.512116826635048e-10
2	Joubert_syndrome_12/15,_digenic	3.482783483593822e-10
2	Nephrotic_syndrome_type_6	3.448633871739835e-10
2	Vesicoureteral_reflux	3.4318130926194147e-10
2	C6_deficiency_subtotal	3.4062760872250127e-10
2	Meningioma	3.3984127448664337e-10
2	Neoplasm_of_the_eye	3.3500848139286246e-10
2	X_linked_lymphoproliferative_disease_due_to_SH2D1A_deficiency	3.3124972846280483e-10
2	Familial_thyroid_dyshormonogenesis_1	3.3062692368890785e-10
2	Dilated_cardiomyopathy_1G	3.303824704384338e-10
2	Hypertrophic_cardiomyopathy_9	3.303824704384338e-10
2	Inflammatory_bowel_disease_19	3.291511681673232e-10
2	Hemobilia	3.291353015738378e-10
2	Biliary_dyskinesia	3.291353015738378e-10
2	Biliary_atresia	3.291353015738378e-10
2	Autosomal_dominant_Alport_syndrome	3.286969845543259e-10
2	Bpes_Without_Ovarian_Failure	3.2505400059505627e-10
2	Bpes_With_Ovarian_Failure	3.2505400059505627e-10
2	Blepharophimosis_ptosis_and_epicanthus_inversus_syndrome	3.2505400059505627e-10
2	BPES_TYPE_II	3.2505400059505627e-10
2	Neutropenia_severe_congenital_1_autosomal_dominant	3.247094850197218e-10
2	Hamman_rich_disease	3.242667663138821e-10
2	Gastric_varix	3.240883501758653e-10
2	Gastric_diverticulum	3.240883501758653e-10
2	Disorder_of_the_central_nervous_system	3.238123281372835e-10
2	Complement_component_5_deficiency	3.2359935314113824e-10
2	BPES_TYPE_I	3.2108957168969344e-10
2	Peripheral_vestibular_nystagmus	3.2101106324806264e-10
2	Radicular_cyst	3.2065659117215925e-10
2	Periapical_bone_loss	3.2065659117215925e-10
2	Bpes_With_Duane_Retraction_Syndrome	3.1891080789220936e-10
2	Retinal_cone_dystrophy_3A	3.1821455062772863e-10
2	Achromatopsia_6	3.1821455062772863e-10
2	Isolated_microphthalmia_7	3.177426862661495e-10
2	Klippel_Feil_syndrome_3_autosomal_dominant	3.177426862661495e-10
2	Intellectual_disability,_autosomal_recessive_43	3.142273129369821e-10
2	Fetal_growth_restriction	3.142273129369821e-10
2	Lesch-nyhan_syndrome,_neurologic_variant	3.142273129369821e-10
2	Glycogen_storage_disease,_type_VI	3.142273129369821e-10
2	Lesch-Nyhan_syndrome	3.142273129369821e-10
2	Weill-Marchesani_4_syndrome,_recessive	3.142273129369821e-10
2	Dyskeratosis_congenita,_autosomal_recessive_5	3.142273129369821e-10
2	Small-for-dates_baby	3.142273129369821e-10
2	Congenital_muscular_hypertrophy-cerebral_syndrome	3.142273129369821e-10
2	Dyskeratosis_congenita,_autosomal_dominant_4	3.142273129369821e-10
2	Baraitser-Winter_syndrome_1	3.142273129369821e-10
2	Mitochondrial_complex_V_(ATP_synthase)_deficiency,_nuclear_type_1	3.142273129369821e-10
2	Spinocerebellar_ataxia_type_31	3.130197814276536e-10
2	Persistent_hyperplastic_primary_vitreous,_autosomal_recessive	3.130197814276536e-10
2	Central_vestibular_nystagmus	3.130197814276536e-10
2	End-point_nystagmus	3.130197814276536e-10
2	Juvenile_retinitis_pigmentosa,_AIPL1-related	3.130197814276536e-10
2	Rotary_nystagmus	3.130197814276536e-10
2	Horizontal_nystagmus	3.130197814276536e-10
2	Vertical_nystagmus	3.130197814276536e-10
2	Seesaw_nystagmus	3.130197814276536e-10
2	CONE-ROD_DYSTROPHY,_AIPL1-RELATED	3.130197814276536e-10
2	Congenital_nystagmus	3.130197814276536e-10
2	Benign_paroxysmal_positional_vertigo	3.130197814276536e-10
2	Bulbar_palsy	3.124015691295944e-10
2	Bulbar_weakness	3.124015691295944e-10
2	Autosomal_dominant_limb-girdle_muscular_dystrophy_type_1D_(DNAJB6)	3.1200751658465434e-10
2	Myopathy,_proximal,_and_ophthalmoplegia	3.1200751658465434e-10
2	Charcot-Marie-Tooth_disease_axonal_type_2Q	3.1200751658465434e-10
2	DPM3-congenital_disorder_of_glycosylation	3.1200751658465434e-10
2	Lipodystrophy	3.101862123884394e-10
2	Lymphadenopathy	3.101862123884394e-10
2	Nephropathic_cystinosis	3.0918050459995476e-10
2	Infantile_nephropathic_cystinosis	3.0918050459995476e-10
2	Crohn_disease-associated_growth_failure,_susceptibility_to	3.0313160064007573e-10
2	Hirschsprung_disease,_protection_against	3.0313160064007573e-10
2	Hirschsprung_disease,_susceptibility_to,_1	3.0313160064007573e-10
2	Birt_Hogg_Dube_syndrome	3.0269470342369426e-10
2	Vascular_Neoplasm	3.025097094999665e-10
2	Vascular_neoplasm	3.025097094999665e-10
2	Respiratory_tract_congestion	2.99912224465277e-10
2	Neoplasm_of_the_heart	2.9818048034869025e-10
2	Increased_blood_pressure	2.9772086955957397e-10
2	Hyperornithinemia_hyperammonemia_homocitrullinuria_syndrome	2.944573017054843e-10
2	Hyperkalemic_periodic_paralysis	2.938197749407545e-10
2	Neutropenia_severe_congenital_2_autosomal_dominant	2.8945325893415427e-10
2	X_linked_sideroblastic_anemia_1	2.8810522547444384e-10
2	X_linked_erythropoietic_protoporphyria	2.8810522547444384e-10
2	Deficiency_of_hyaluronoglucosaminidase	2.87963857744684e-10
2	Recurrent_painful_ophthalmoplegic_neuropathy	2.873610863544675e-10
2	Thyroid_abnormalities	2.859002464961093e-10
2	Pontocerebellar_hypoplasia_type_2B	2.7867192915345085e-10
2	Macula_cerulea	2.786068052306008e-10
2	Pectus_carinatum	2.785073036726228e-10
2	Ureteral_obstruction	2.77910726423042e-10
2	Knee_dislocation	2.771953823874314e-10
2	Paraphimosis	2.7525586140875383e-10
2	Hypersplenism	2.7525586140875383e-10
2	Nuchal_rigidity	2.7525586140875383e-10
2	Thymus_hyperplasia	2.7525586140875383e-10
2	Hemoperitoneum	2.7525586140875383e-10
2	Stiff_neck	2.7525586140875383e-10
2	Ptosis	2.7525586140875383e-10
2	Uterine_prolapse	2.7525586140875383e-10
2	Rectal_prolapse	2.7525586140875383e-10
2	IgG4-related_retroperitoneal_fibrosis	2.7525586140875383e-10
2	Abnormal_pupillary_function	2.7525586140875383e-10
2	Abnormal_retinal_morphology	2.7525586140875383e-10
2	Uterine_synechiae	2.7525586140875383e-10
2	Uterine_rupture	2.7525586140875383e-10
2	Ureterocele	2.7525586140875383e-10
2	Varicocele	2.7525586140875383e-10
2	Periostitis	2.7525586140875383e-10
2	Limitation_of_neck_motion	2.7525586140875383e-10
2	Aplasia/Hypoplasia_of_the_thumb	2.7525586140875383e-10
2	Tarsal_carpal_coalition_syndrome	2.752420744859413e-10
2	Symphalangism_brachydactyly_syndrome	2.752420744859413e-10
2	Brachydactyly_type_B2	2.752420744859413e-10
2	Proximal_symphalangism_1A	2.752420744859413e-10
2	Retinopathy	2.750488401551659e-10
2	Abnormal_choroid_morphology	2.7428235345615693e-10
2	Hemorrhage_of_the_eye	2.739605306223656e-10
2	Cataract_2_multiple_types	2.7278289740995115e-10
2	Penoscrotal_transposition	2.724101168622378e-10
2	Ocular_albinism	2.711061221495735e-10
2	Brachydactyly_type_A1	2.710063542650099e-10
2	Hereditary_gingival_fibromatosis	2.706775587833523e-10
2	Gingival_fibromatosis	2.706775587833523e-10
2	Matthew_Wood_syndrome	2.7036477190305994e-10
2	Microphthalmia_isolated_with_coloboma_8	2.7036477190305994e-10
2	MPI_congenital_disorder_of_glycosylation	2.7005820706004463e-10
2	Gingival_overgrowth	2.6987268959024705e-10
2	Gingival_recession	2.6987268959024705e-10
2	Hyperplasia_of_gingiva	2.6987268959024705e-10
2	Hypertrophy_of_gingiva	2.6987268959024705e-10
2	Usher_syndrome_type_3A	2.693339955349297e-10
2	Hermansky_Pudlak_syndrome_1	2.6932137609117254e-10
2	NPHP3_related_Meckel_like_syndrome	2.692646553886661e-10
2	Nephronophthisis_3	2.692646553886661e-10
2	Jejunal_atresia	2.6841720929401346e-10
2	Acute_disease	2.6791779814002325e-10
2	Choroid_Disorder	2.6638931913568287e-10
2	Rectal_fistula	2.66370691609838e-10
2	USH1D/F,_CDH23/PCDH15,_DIGENIC	2.6489447551001437e-10
2	DEAFNESS,_AUTOSOMAL_DOMINANT_22,_WITH_HYPERTROPHIC_CARDIOMYOPATHY	2.6489447551001437e-10
2	Enuresis	2.6489447551001437e-10
2	Intrahepatic_cholestasis	2.6288145066192706e-10
2	Neoplasm_of_the_larynx	2.610044930731224e-10
2	Renal_hepatic_pancreatic_dysplasia_1	2.6090442974334864e-10
2	Brachyrachia_short_spine_dysplasia	2.592958721123744e-10
2	Charcot_Marie_Tooth_disease_axonal_type_2C	2.592958721123744e-10
2	Cystinosis_atypical_nephropathic	2.578801932140304e-10
2	Renal_hepatic_pancreatic_dysplasia_2	2.5706681303584526e-10
2	Nephronophthisis_9	2.5706681303584526e-10
2	Macular_corneal_dystrophy_type_II	2.5430154994592546e-10
2	Macular_corneal_dystrophy	2.5430154994592546e-10
2	Skin_lesions	2.539113739571656e-10
2	Spasmus_nutans	2.526830944892793e-10
2	Paranasal_sinus_neoplasm	2.5203538264726715e-10
2	Abdominal_obesity_metabolic_syndrome_3	2.5072101555658927e-10
2	Psoriasis_1,_susceptibility_to	2.490867126643995e-10
2	Hypertrophic_cardiomyopathy_8	2.4634859239795545e-10
2	Pendular_nystagmus	2.44694058864877e-10
2	Infantile_onset_spinocerebellar_ataxia	2.434649833829583e-10
2	Periapical_granuloma	2.4276144882266457e-10
2	Hepatocellular_adenoma	2.4109007393679313e-10
2	Infective_arthritis	2.399211974782439e-10
2	Osteoarthritis,_hip	2.399211974782439e-10
2	Blepharospasm	2.3520327840637147e-10
2	Gallbladder_disease_4	2.3375374563121664e-10
2	Amelogenesis_imperfecta___hypoplastic_autosomal_dominant___local	2.329774093724297e-10
2	Amelogenesis_imperfecta_type_1C	2.329774093724297e-10
2	Branchiootic_syndrome_3	2.3178563498805763e-10
2	Silver_Russell_syndrome_1	2.3174990691886811e-10
2	Bartter_disease_type_3	2.3075080901767287e-10
2	Hypertrophic_cardiomyopathy_25	2.2583772031551553e-10
2	Autosomal_recessive_limb_girdle_muscular_dystrophy_type_2J	2.2577671755847405e-10
2	Long_QT_syndrome_3/6_digenic	2.2503348699535843e-10
2	Paragangliomas_2	2.2106159902538194e-10
2	Premature_ovarian_failure_6	2.1839889026823734e-10
2	Normokalemic_periodic_paralysis_potassium_sensitive	2.1765366318393436e-10
2	Congenital_myasthenic_syndrome_16	2.1765366318393436e-10
2	Hypokalemic_periodic_paralysis_type_2	2.1765366318393436e-10
2	Trichotillomania	2.1386166238236423e-10
2	Dilated_cardiomyopathy_1E	2.1191586609357743e-10
2	Preaxial_hand_polydactyly	2.0897752824628163e-10
2	Scleritis	2.07522479165792e-10
2	Atrial_fibrillation_familial_10	2.069569890382982e-10
2	Renal_artery_stenosis	2.0599886863363431e-10
2	Sick_sinus_syndrome_1	2.0434508468431308e-10
2	Glycogen_storage_disease_IXa1	1.978047054833447e-10
2	Glycogen_storage_disease_IXa2	1.978047054833447e-10
2	Meningocele	1.9780103780885239e-10
2	Long_QT_syndrome_3	1.9709760254338466e-10
2	Brugada_syndrome_1	1.9682707861143652e-10
2	Dysphagia	1.956441014910845e-10
2	Pericardial_effusion	1.9321540902076623e-10
2	Myocarditis	1.9321540902076623e-10
2	Endocardial_fibroelastosis	1.9321540902076623e-10
2	Endomyocardial_fibrosis	1.9321540902076623e-10
2	Long_QT_syndrome_3_acquired_susceptibility_to	1.930635351166784e-10
2	Hypothyroidism_congenital_nongoitrous_2	1.9194505588890665e-10
2	Type_II_complement_component_8_deficiency	1.9168733696756513e-10
2	Pancreatic_pseudocyst	1.9132595009731224e-10
2	Disorder_of_trachea	1.9128093419110612e-10
2	Anal_fistula	1.9119499595431407e-10
2	Painful_ophthalmoplegia	1.911614716743427e-10
2	Ectopia_lentis	1.9114856663030107e-10
2	Bronchomalacia	1.9110645313079627e-10
2	Bronchial_neoplasm	1.908563689937505e-10
2	Preaxial_foot_polydactyly	1.9070558474795402e-10
2	Pancreatic_cysts	1.9047443853578557e-10
2	Renal_cyst	1.9044764839686211e-10
2	Liver_glycogenosis_X_linked_type_ii	1.9024018227994795e-10
2	Tracheoesophageal_fistula	1.8996616274998588e-10
2	Imperforate_anus	1.898251579386172e-10
2	Pancreatic_fistula	1.8956803023398118e-10
2	Abnormal_heart_valve_morphology	1.89375379146872e-10
2	Retinal_dysplasia	1.8933369364998034e-10
2	Neural_tube_defect	1.8925352654800454e-10
2	cardiac_valvular_disease	1.890990776662492e-10
2	Dentinogenesis_imperfecta	1.8871147290612237e-10
2	Hypertensive_retinopathy	1.8863059943259273e-10
2	Anal_fissure	1.8846061972890702e-10
2	Congenital_vertical_talus	1.8846000393398136e-10
2	Congenital_ectopic_pupil	1.8779979510401047e-10
2	Anisomastia	1.8756310265267507e-10
2	Annular_pancreas	1.8753638589703271e-10
2	Intracranial_hemorrhage	1.8750059250140913e-10
2	Hallux_rigidus	1.8735185527470686e-10
2	Adrenal_hypoplasia	1.8725756918158796e-10
2	Meckel_diverticulum	1.8725637535876456e-10
2	Retinal_detachment	1.8725579659702765e-10
2	Respiratory_tract_infection	1.8717887315042402e-10
2	Laryngeal_cleft	1.8706749023002416e-10
2	Renal_tubular_epithelial_necrosis	1.8705726385560042e-10
2	Pili_torti	1.8703586257243247e-10
2	Fetal_pyelectasis	1.8682243593656858e-10
2	Chorioretinitis	1.8662111318344003e-10
2	Nasopharyngeal_neoplasm	1.8659886390422634e-10
2	Preaxial_hallucal_polydactyly	1.8658527207795591e-10
2	Hemothorax	1.8651049166612926e-10
2	Tracheomalacia	1.8613145885462123e-10
2	Nephrocalcinosis	1.859733930144583e-10
2	Neuropathy	1.859300235293877e-10
2	Interstitial_lung_disease	1.8592601444416141e-10
2	Hepatomegaly	1.8580395438577105e-10
2	Retinal_perforation	1.857869522695159e-10
2	Cardiomegaly	1.8577223464382626e-10
2	Splenomegaly	1.8553559804307726e-10
2	Retinal_vein_occlusion	1.8546422549424261e-10
2	Hepatic_fibrosis	1.8532234990269514e-10
2	SUDDEN_INFANT_DEATH_SYNDROME	1.8530586391567312e-10
2	Large_breast	1.852949767673969e-10
2	Lens_opacity	1.8515887937204331e-10
2	Renal_tubular_dysgenesis	1.8500258554320151e-10
2	Nephrolithiasis	1.8475659892682352e-10
2	Hamartoma_of_hypothalamus	1.8441290103903553e-10
2	Lens_luxation	1.843342732596973e-10
2	Nephrosclerosis	1.842147219422404e-10
2	Retinal_dystrophy	1.8412158560876097e-10
2	Autosomal_dominant_polycystic_liver_disease	1.8368729187832478e-10
2	Small_adrenal_gland	1.8353992073062408e-10
2	Colonic_diverticula	1.8334986271221316e-10
2	Colonic_Diverticulum	1.8334986271221316e-10
2	Intestinal_malrotation	1.8334986271221316e-10
2	Colonic_inertia	1.8334986271221316e-10
2	Protein-losing_enteropathy	1.8334986271221316e-10
2	Intussusception	1.8334986271221316e-10
2	Volvulus	1.8334986271221316e-10
2	Intestinal_fistula	1.8334986271221316e-10
2	Intestinal_lymphangiectasia	1.8334986271221316e-10
2	Pleuritis	1.8321242778438908e-10
2	Supernumerary_nipple	1.8305736487791797e-10
2	Morbus_Osgood-Schlatter	1.8284340560577055e-10
2	Breast_hypertrophy	1.8265507331828438e-10
2	Cerebral_vasculitis	1.8262232779073567e-10
2	Retinal_hemorrhage	1.8248723740480103e-10
2	Cerebral_arteriovenous_malformation	1.8239780288431188e-10
2	Abnormality_of_the_dentition	1.8186198826992265e-10
2	Abnormal_dental_morphology	1.8186198826992265e-10
2	Angioid_streaks	1.8175992642395508e-10
2	Hypertrophic_cardiomyopathy_4	1.8082363531583784e-10
2	Bowel_incontinence	1.8002072791172532e-10
2	Congenital_dyserythropoietic_anemia_type_4	1.7987002250973611e-10
2	Sensorineural_hearing_loss_disorder	1.7957342139091401e-10
2	Conductive_hearing_impairment	1.7957342139091401e-10
2	Neoplasm_of_the_ear	1.7943072362887182e-10
2	Intestinal_atresia	1.7868104000995727e-10
2	Intestinal_obstruction	1.7771370997445559e-10
2	Bartter_disease_type_4B	1.772756691273381e-10
2	Autosomal_recessive_nonsyndromic_hearing_loss_30	1.7652789460119536e-10
2	Cutis_laxa,_autosomal_dominant_2	1.7587896064380288e-10
2	Anhidrosis	1.7587896064380288e-10
2	Congenital_atresia_of_colon	1.7524597016071184e-10
2	Inflammation_of_the_large_intestine	1.7338179157592505e-10
2	Arthrogryposis_renal_dysfunction_and_cholestasis_1	1.7293338984510888e-10
2	Intestinal_pseudo-obstruction	1.7241487684662553e-10
2	Habitual_spontaneous_abortion	1.719052746686466e-10
2	Cellulitis_of_eyelid	1.695036400005717e-10
2	Isolated_microphthalmia_4	1.644516842829992e-10
2	Hiatus_hernia	1.6397650702217502e-10
2	Myositis_eosinophilic	1.6246514628669008e-10
2	Autosomal_recessive_limb_girdle_muscular_dystrophy_type_2A	1.6246514628669008e-10
2	Acromesomelic_dysplasia_2B	1.6186383327864722e-10
2	Brachydactyly_type_C	1.6186383327864722e-10
2	Brachydactyly_type_A1C	1.6186383327864722e-10
2	Acromesomelic_dysplasia_2C_Hunter_Thompson_type	1.6186383327864722e-10
2	Multiple_synostoses_syndrome_2	1.6186383327864722e-10
2	Splenic_rupture	1.6073920584349533e-10
2	Asthma,_diminished_response_to_antileukotriene_treatment_in	1.603862346692182e-10
2	Asthma,_protection_against	1.603862346692182e-10
2	Interstitial_nephritis	1.5915013970509064e-10
2	Retinal_neovascularization	1.5795263058420682e-10
2	Cataract	1.5770297484187983e-10
2	Anisocoria	1.574442059426791e-10
2	Complement_component_9_deficiency	1.559791375351123e-10
2	Pneumothorax	1.5573653277047866e-10
2	Congenital_pulmonary_airway_malformation	1.546699645321624e-10
2	Laryngeal_stenosis	1.5459920614812903e-10
2	Neoplasm_of_the_penis	1.5379709422176833e-10
2	Abnormal_tubulointerstitial_morphology	1.534038562280839e-10
2	Tracheal_stenosis	1.532941734743348e-10
2	Glomerulonephritis	1.5258687233092024e-10
2	Factor_XIII_b_subunit_deficiency_of	1.5251296798321346e-10
2	Liver_abscess	1.5220079323824307e-10
2	Myopathy_proximal_and_ophthalmoplegia	1.5176740544284728e-10
2	Nephronophthisis_18	1.5132506828172064e-10
2	Retinoschisis	1.4961280790410747e-10
2	Neoplasm_of_the_adrenal_gland	1.4926532290377774e-10
2	Usher_syndrome_type_2C	1.4920303734878373e-10
2	Hydrops_fetalis	1.4799961137409307e-10
2	Retinal_degeneration	1.4799428913372296e-10
2	Laryngospasm	1.4660731139988165e-10
2	Idiopathic_spontaneous_coronary_artery_dissection	1.45174616014894e-10
2	Pulmonary_venoocclusive_disease	1.45174616014894e-10
2	Pulmonary_artery_stenosis	1.45174616014894e-10
2	Pulmonary_valve_atresia	1.45174616014894e-10
2	Pulmonary_venous_occlusion	1.45174616014894e-10
2	Coronary_artery_stenosis	1.45174616014894e-10
2	Scimitar_syndrome	1.45174616014894e-10
2	Osteoarthritis,_knee	1.4428844405639873e-10
2	Uveal_melanoma	1.4389559441452007e-10
2	Arthritis,_sacroiliac	1.4304667530922148e-10
2	Angiofibromas	1.4119401734609427e-10
2	Plexiform_neurofibroma	1.4119401734609427e-10
2	Ossifying_fibroma	1.4119401734609427e-10
2	Neurofibromatosis,_type_IV,_of_Riccardi	1.4119401734609427e-10
2	Autosomal_recessive_limb_girdle_muscular_dystrophy_type_2G	1.3935331659353258e-10
2	Leber_congenital_amaurosis_17	1.3743177134559575e-10
2	Spermatogenic_failure_4	1.3710112949471733e-10
2	Pregnancy_loss_recurrent_4	1.3710112949471733e-10
2	Type_I_complement_component_8_deficiency	1.3511964187476983e-10
2	Fibroma_of_ovary	1.3384327238445398e-10
2	Neoplasm_of_the_trachea	1.3289638224164608e-10
2	Chronic_active_hepatitis	1.3264832324707143e-10
2	Arthrogryposis,_renal_dysfunction,_and_cholestasis_2	1.3264832324707143e-10
2	Chronic_hepatitis	1.3264832324707143e-10
2	Hyperornithinemia-hyperammonemia-homocitrullinuria_syndrome	1.3264832324707143e-10
2	Arthrogryposis,_renal_dysfunction,_and_cholestasis_1	1.3264832324707143e-10
2	Klippel_Feil_syndrome_1_autosomal_dominant	1.3231191449756197e-10
2	Cone_rod_dystrophy_23	1.322243518372318e-10
2	Central_nervous_system_cyst	1.3201286444759238e-10
2	Abnormal_spinal_cord_morphology	1.3201286444759238e-10
2	Infectious_disease_of_central_nervous_system	1.3201286444759238e-10
2	Abnormality_of_neuronal_migration	1.3201286444759238e-10
2	Alzheimer_disease,_protection_against	1.3201286444759238e-10
2	Alzheimer_disease,_early-onset,_with_cerebral_amyloid_angiopathy	1.3201286444759238e-10
2	Finnish_congenital_nephrotic_syndrome	1.3117011208157054e-10
2	Portal_hypertension	1.2920170283721834e-10
2	Sudden_death	1.290717343549797e-10
2	Recurrent_singultus	1.290717343549797e-10
2	Hiccoughs	1.290717343549797e-10
2	Usher_syndrome_type_1F	1.2710566141270138e-10
2	Venous_insufficiency	1.2611293737229998e-10
2	Myotonia_levior	1.2341879404344282e-10
2	Ureteropelvic_junction_obstruction	1.2281195567120155e-10
2	Dyskeratosis_congenita,_autosomal_dominant_2	1.2281195567120155e-10
2	Carotid_artery_stenosis	1.2281195567120155e-10
2	Small_for_gestational_age	1.214368038569741e-10
2	Low_birth_weight	1.214368038569741e-10
2	Autosomal_recessive_nonsyndromic_hearing_loss_84A	1.2004016792612892e-10
2	Congenital_laryngomalacia	1.1991583772814523e-10
2	Primary_ciliary_dyskinesia_7	1.1958602661718274e-10
2	Abnormal_tracheal_morphology	1.1941478247201354e-10
2	Jaw_neoplasm	1.191915972844065e-10
2	Occult_macular_dystrophy	1.191755773305443e-10
2	Renal_tubular_acidosis_distal_3_with_or_without_sensorineural_hearing_loss	1.1896369528163035e-10
2	Gigantomastia	1.1882485597875368e-10
2	Meckel_syndrome,_type_9	1.171937066854665e-10
2	Cranium_bifidum_occultum	1.171937066854665e-10
2	Occipital_encephalocele	1.171937066854665e-10
2	Frontal_encephalocele	1.171937066854665e-10
2	White_sponge_nevus_1	1.1630551410639222e-10
2	Urethral_stenosis	1.1551359575913777e-10
2	Embryonal_rhabdomyosarcoma	1.1478727831510677e-10
2	Nanophthalmos_2	1.144468951222539e-10
2	Isolated_microphthalmia_5	1.144468951222539e-10
2	Autosomal_recessive_nonsyndromic_hearing_loss_23	1.1410649295795841e-10
2	Tyrosinemia_type_II	1.1008613664694928e-10
2	Ocular_pain	1.0955682481392402e-10
2	Metaphyseal_chondrodysplasia_Schmid_type	1.0863201822827418e-10
2	Oncocytoma_of_kidney	1.0636673392251e-10
2	Renal_cell_carcinoma,_Xp11-associated	1.0636673392251e-10
2	Neoplasm_of_the_central_nervous_system	1.060829478242922e-10
2	Usher_syndrome_type_IIC_GPR98/PDZD7_digenic	1.0607035818464736e-10
2	Stomach_disorder	9.932728413488391e-11
2	Atrial_septal_defect_4	9.86481733449701e-11
2	Diabetes_mellitus_ketosis_prone	9.818768723169343e-11
2	Maturity_onset_diabetes_of_the_young_type_9	9.818768723169343e-11
2	Supratentorial_neoplasm	9.758047984842903e-11
2	Weight_loss	9.554611606028375e-11
2	Congenital_bile_acid_synthesis_defect_2	9.455367455602055e-11
2	Parakeratosis	9.335352203557557e-11
2	Cardiomyopathy_familial_hypertrophic_4_susceptibility_to	9.299087352028565e-11
2	Erythema_multiforme_due_to_mycoplasma_infection	9.071047807571567e-11
2	Erythema_papulatum	9.051372317694934e-11
2	Oral_erythematous_candidiasis	9.021994543838011e-11
2	Herpes_iris	9.009102749810419e-11
2	Erythema_simplex	8.99495970770568e-11
2	Erythematosquamous_dermatosis	8.983410124716728e-11
2	Intertrigo	8.956205851554576e-11
2	Neonatal_annular_erythema	8.954565848241431e-11
2	Erythema_nodosum_migrans	8.952482244095866e-11
2	Toxic_erythema_caused_by_drug	8.950111708153365e-11
2	Halitosis	8.944619066061728e-11
2	Drug-induced_erythema_nodosum	8.936632960236066e-11
2	Submammary_intertrigo	8.932731760917309e-11
2	Facial_erythema	8.928431450184947e-11
2	Candidal_intertrigo	8.910789060966926e-11
2	Erythema_tuberculatum	8.909829690904575e-11
2	Erythromelanosis_follicularis_of_face_AND/OR_neck	8.909685469842541e-11
2	Blushing	8.9088257587436e-11
2	Intertrigo_of_abdominal_skin_fold	8.904491171130832e-11
2	Stevens-Johnson_syndrome	8.903264791464624e-11
2	Diffuse_inflammatory_erythema	8.902733548120716e-11
2	Acral_erythema_due_to_cytotoxic_therapy	8.883318062102555e-11
2	Erythema_annulare_centrifugum	8.882985676985181e-11
2	Liver_palms	8.88294598170994e-11
2	Erythema_vesiculosum	8.881292440176205e-11
2	Teratoma	8.87221008808174e-11
2	Annular_erythema	8.864609563536185e-11
2	Erythema_migrans	8.864246772514476e-11
2	Exanthematous_disorder	8.860672749640557e-11
2	Erythema_multiforme,_dermal_type	8.860292448302111e-11
2	Erythema_at_injection_site	8.858999941213786e-11
2	Drug-induced_erythema_multiforme	8.838958154677183e-11
2	Erythema_elevatum_diutinum	8.838307273049045e-11
2	Pigmented_peribuccal_erythrosis_of_Brocq	8.838185400920943e-11
2	Toxic_urticated_erythema	8.838179061149829e-11
2	Erythema_gyratum_repens	8.838025085097591e-11
2	Coccidioidomycosis_with_erythema_multiforme	8.837339728637402e-11
2	Toxic_epidermal_necrolysis	8.835851720901984e-11
2	Erythema_dyschromicum_perstans	8.829179544335274e-11
2	Erythema_multiforme_due_to_malignancy	8.815373312036241e-11
2	Erythematous_pinta_plaque	8.795543922440148e-11
2	Lipogranulomatosis_subcutanea_of_Rothmann_and_Makai	8.795199223279962e-11
2	Contact_dermatitis_caused_by_urine	8.795197706071652e-11
2	Streptococcal_intertrigo	8.795118536511314e-11
2	Erythema_nodosum_caused_by_Genus_Streptococcus	8.795089601293956e-11
2	Granulosis_rubra_nasi	8.794843621998262e-11
2	Erythema_urticatum	8.794745093033115e-11
2	Erythema_infectiosum	8.794745093033115e-11
2	Papular_form_erythema_multiforme	8.794729838850533e-11
2	Erythroderma_caused_by_vancomycin	8.794338216993618e-11
2	Scaling_eczema	8.7942851523715e-11
2	Exfoliative_erythema	8.794196928683302e-11
2	Erythema_multiforme_of_pregnancy	8.794196928683302e-11
2	Periorbital_erythema	8.793985110820283e-11
2	Erythema_nodosum_caused_by_Yersinia_enterocolitica	8.793903734453898e-11
2	Staphylococcal_intertrigo	8.7531319817802e-11
2	Erythema_multiforme,_epidermal_type	8.7531319817802e-11
2	Ulerythema_of_cheeks	8.7531319817802e-11
2	Candidiasis_of_finger_web	8.7531319817802e-11
2	Erythroderma_of_unknown_etiology	8.7531319817802e-11
2	Drug_exanthem	8.7531319817802e-11
2	Embryonal_neoplasm	8.745339267978656e-11
2	Li-Fraumeni_syndrome_2	8.745339267978656e-11
2	Fibroblastic_neoplasm	8.745339267978656e-11
2	Nervous_tissue_neoplasm	8.745339267978656e-11
2	Hamartoma	8.745339267978656e-11
2	Renal_dysplasia	8.66908460456041e-11
2	Congenital_secretory_diarrhea_chloride_type	8.529207778451247e-11
2	Exencephaly	8.500222695533896e-11
2	Myelomeningocele	8.500222695533896e-11
2	Craniorachischisis	8.500222695533896e-11
2	Hypertrophic_cardiomyopathy_10	8.367510029576969e-11
2	Hecht_syndrome	8.367445897231035e-11
2	Aortic_valve_calcification	8.262791138546277e-11
2	Bicuspid_aortic_valve	8.262791138546277e-11
2	Reduced_factor_X_activity	8.217672716919858e-11
2	Factor_X_deficiency	8.217672716919858e-11
2	Maturity_onset_diabetes_of_the_young_type_8	8.203760123323703e-11
2	Idiopathic_nephrotic_syndrome	7.98741549593681e-11
2	Rh_deficiency_syndrome	7.971236869957796e-11
2	Rh_null_regulator_type	7.971236869957796e-11
2	Rh_mod_blood_group_phenotype	7.971236869957796e-11
2	Boerhaave_syndrome	7.92574100001833e-11
2	Esophageal_stenosis	7.92574100001833e-11
2	Esophageal_diverticulum	7.92574100001833e-11
2	Facial_neoplasm	7.881684519816105e-11
2	Esophageal_atresia	7.861946587457155e-11
2	Neutral_1_amino_acid_transport_defect	7.638673069398152e-11
2	Birk-Barel_syndrome	7.636103199004972e-11
2	Holoprosencephaly_4	7.636103199004972e-11
2	Neurofibromatosis,_type_1	7.612912949306614e-11
2	Angiosarcoma	7.612912949306614e-11
2	Neurofibrosarcoma	7.612912949306614e-11
2	Malignant_peripheral_nerve_sheath_tumor	7.612912949306614e-11
2	Leiomyosarcoma	7.612912949306614e-11
2	Hemochromatosis_type_2A	7.562030998565943e-11
2	Juvenile_hemochromatosis	7.562030998565943e-11
2	Cholestasis,_progressive_familial_intrahepatic,_4	7.48282287501033e-11
2	Glaucoma_1,_open_angle,_A	7.48282287501033e-11
2	Bosley-Salih-Alorainy_syndrome	7.48282287501033e-11
2	Pulmonary_hypertension,_primary,_2	7.48282287501033e-11
2	Pulmonary_hypertension,_primary,_3	7.48282287501033e-11
2	Cone-rod_dystrophy_23	7.48282287501033e-11
2	Cutis_laxa,_autosomal_recessive,_type_1A	7.48282287501033e-11
2	Bartter_syndrome,_type_3,_with_hypocalciuria	7.48282287501033e-11
2	Pallor	7.46509702713199e-11
2	Abnormality_of_the_nail	7.46509702713199e-11
2	Abnormal_sweat_gland_morphology	7.46509702713199e-11
2	Ochronosis_disorder	7.46509702713199e-11
2	Disorder_of_sweat_gland	7.46509702713199e-11
2	Fibroma	7.40891980607087e-11
2	Hip_dislocation	7.371134188719888e-11
2	Polymenorrhea	7.192723254659581e-11
2	Long_QT_syndrome_5	7.161825577591155e-11
2	Long_QT_syndrome_5_acquired_susceptibility_to	7.161825577591155e-11
2	Jervell_and_Lange_Nielsen_syndrome_2	7.161825577591155e-11
2	Familial_juvenile_hyperuricemic_nephropathy_type_1	7.135901153799137e-11
2	Dilated_cardiomyopathy_1M	7.114503124604535e-11
2	Hypertrophic_cardiomyopathy_12	7.114503124604535e-11
2	Ecchymosis	7.058712675540948e-11
2	Bruising_susceptibility	7.058712675540948e-11
2	Multiple_endocrine_neoplasia,_type_1	7.03319668997769e-11
2	Congenital_mesoblastic_nephroma	6.990819714328247e-11
2	Clubfoot	6.942213204328222e-11
2	Achromatopsia_3	6.878952088623585e-11
2	Pleuropulmonary_blastoma	6.756702208824116e-11
2	DICER1-related_tumor_predisposition	6.756702208824116e-11
2	Lung_cancer,_protection_against	6.756702208824116e-11
2	Autosomal_dominant_Charcot_Marie_Tooth_disease_type_2K	6.719615097326471e-11
2	Charcot_Marie_Tooth_disease_type_4A	6.719615097326471e-11
2	Charcot_Marie_Tooth_disease_recessive_intermediate_A	6.719615097326471e-11
2	Charcot_Marie_Tooth_disease_axonal_with_vocal_cord_paresis_autosomal_recessive	6.719615097326471e-11
2	Charcot_Marie_Tooth_disease_axonal_type_2K	6.719615097326471e-11
2	Carotid_sinus_syncope	6.694863865671792e-11
2	Vasovagal_syncope	6.694863865671792e-11
2	Elderly_vasovagal_syndrome	6.694863865671792e-11
2	Hypotensive_syncope	6.694863865671792e-11
2	Malignant_vasovagal_syndrome	6.694863865671792e-11
2	Situational_syncope	6.694863865671792e-11
2	Defecation_syncope	6.694863865671792e-11
2	Deglutition_syncope	6.694863865671792e-11
2	Adams-Stokes_syndrome	6.694863865671792e-11
2	Bartter_syndrome_type_3_with_hypocalciuria	6.68795441663178e-11
2	Petechiae	6.612040172778267e-11
2	Vascular_skin_abnormality	6.60862087320306e-11
2	Myeloproliferative_disorder,_chronic,_with_eosinophilia	6.437460621330371e-11
2	Lymphoproliferative_disorder	6.437460621330371e-11
2	Lymphoma,_non-Hodgkin,_familial	6.437460621330371e-11
2	Plasmacytoma	6.437460621330371e-11
2	Shoulder_dislocation	6.315443986955699e-11
2	Vaginal_fistula	6.314297640119573e-11
2	Absent_nasal_cartilage	6.29126092058292e-11
2	Imperforate_hymen	6.29126092058292e-11
2	Trigonocephaly	6.29126092058292e-11
2	Syndactyly	6.29126092058292e-11
2	Enchondromatosis	6.29126092058292e-11
2	Pes_planus	6.29126092058292e-11
2	Acrania	6.29126092058292e-11
2	Acrocephaly	6.29126092058292e-11
2	Hydrocolpos	6.29126092058292e-11
2	Agenesis_of_nasal_cartilages	6.29126092058292e-11
2	Postural_plagiocephaly	6.29126092058292e-11
2	Congenital_macrodactylia	6.29126092058292e-11
2	Brachycephaly	6.29126092058292e-11
2	Joint_dislocation	6.29126092058292e-11
2	Platybasia	6.29126092058292e-11
2	Polydactyly	6.29126092058292e-11
2	Femoroacetabular_impingement	6.29126092058292e-11
2	Abnormal_skull_morphology	6.216871057229482e-11
2	Pterygium	6.186203091384285e-11
2	Craniosynostosis_syndrome	6.118358312696458e-11
2	Osteochondrosis	6.082363377939961e-11
2	Aortic_aneurysm	6.062823914094855e-11
2	Chondrocalcinosis	6.0294665461532e-11
2	Atrial_fibrillation_familial_4	6.005868403217964e-11
2	Long_QT_syndrome_6_acquired_susceptibility_to	6.005868403217964e-11
2	Long_QT_syndrome_6	6.005868403217964e-11
2	Legg-Calve-Perthes_disease	5.988382300412326e-11
2	Keratosis_pilaris_atrophicans	5.947984852235672e-11
2	Anencephaly	5.707852924046076e-11
2	Bronchiolitis_obliterans_organizing_pneumonia	5.703447495662239e-11
2	Bronchiolitis_obliterans_with_obstructive_pulmonary_disease	5.703447495662239e-11
2	Interstitial_pneumonitis	5.703447495662239e-11
2	Bronchiolitis,_Constrictive	5.703447495662239e-11
2	Desquamative_interstitial_pneumonia	5.703447495662239e-11
2	Heterotaxy_visceral_2_autosomal	5.697388165309491e-11
2	Pachydermoperiostosis_syndrome	5.676929645736305e-11
2	Clubbing_of_nails_associated_with_systemic_disorder	5.676929645736305e-11
2	Hamman-rich_disease	5.676929645736305e-11
2	Abnormal_cardiac_septum_morphology	5.675050638382606e-11
2	ADRENAL_INSUFFICIENCY,_NR5A1-RELATED	5.639261282179488e-11
2	Primary_erythromelalgia	5.568788336524791e-11
2	Iron_refractory_iron_deficiency_anemia	5.484133183613752e-11
2	Abnormality_of_the_skin	5.452280879810409e-11
2	Local_Infection_of_Skin_and_Subcutaneous_Tissue	5.4500572679154535e-11
2	Sensorineural_deafness_with_mild_renal_dysfunction	5.415706522874596e-11
2	Bartter_disease_type_4A	5.409930390222592e-11
2	Incomitant_heterophoria	5.2544934561078553e-11
2	Ideational_partial_seizure	5.085133722797791e-11
2	Afebrile_seizure	5.0715957568290186e-11
2	Pattern_sensitive_seizure	5.0713320665591735e-11
2	Seizures_complicating_infection_in_the_newborn	5.064686435260367e-11
2	Focal_onset_sensory_epileptic_seizure_with_olfactory_symptoms	5.063241155633019e-11
2	Cryptogenic_Lennox-Gastaut_syndrome	5.05521574156021e-11
2	Epilepsy,_juvenile_myoclonic,_susceptibility_to,_6	5.040261901808925e-11
2	Eclamptic_seizure	5.036125410000529e-11
2	Seizures,_benign_familial_infantile,_3	5.0267341483682135e-11
2	Benign_psychomotor_epilepsy_of_childhood	5.0261362501703175e-11
2	Generalized_convulsive_status_epilepticus	5.0200058284350786e-11
2	Developmental_and_epileptic_encephalopathy,_9	5.0099151549341574e-11
2	Focal_epilepsy	5.004958004412714e-11
2	Idiopathic_Myoclonic_Epilepsy	5.0025098044586503e-11
2	Musicogenic_seizure	4.998781175240152e-11
2	Early_Childhood_Epilepsy,_Myoclonic	4.992592830375516e-11
2	Frontal_lobe_epilepsy	4.992198568191805e-11
2	Hypophosphatemic_rickets_autosomal_recessive_1	4.985412627535839e-11
2	Neonatal_seizure	4.9825536166589515e-11
2	Secondary_erythromelalgia	4.979478339694475e-11
2	Idiopathic_hemiconvulsion-hemiplegia_syndrome	4.976621146851255e-11
2	Generalized_epilepsy	4.974411400211893e-11
2	Aquagenic_epilepsy	4.966429297828365e-11
2	Acanthosis_nigricans	4.965781143245978e-11
2	Porokeratosis_of_Mibelli	4.965781143245978e-11
2	Focal_sensory_seizure_with_visual_features	4.965334723067774e-11
2	Gustatory_hallucinations	4.9616185123546075e-11
2	Generalized-onset_seizure	4.960638084618578e-11
2	Menstrual_epilepsy	4.9605634789089776e-11
2	Epileptic_cry	4.957086081621287e-11
2	Absence_seizure_with_eyelid_myoclonia	4.9516836521529275e-11
2	Telangiectasia,_hereditary_hemorrhagic,_type_2	4.9462672854610957e-11
2	Benign_focal_epilepsy_of_childhood	4.942437675935547e-11
2	Localization-related_symptomatic_epilepsy	4.941578271245562e-11
2	Simple_partial_status_epilepticus	4.935649460224179e-11
2	Supplementary_motor_epilepsy	4.9290807933548394e-11
2	Bilateral_tonic-clonic_seizure	4.9286858098030804e-11
2	Focal_motor_seizure	4.9260075877381627e-11
2	Epilepsia_partialis_continua	4.923689461753261e-11
2	Toothbrushing_epilepsy	4.9224542700345006e-11
2	Postseizure_delirium	4.920522791356674e-11
2	Non-progressive_Kozhevnikow_syndrome	4.917058948516368e-11
2	Status_epilepticus_without_prominent_motor_symptoms	4.916559047990954e-11
2	Rhinencephalic_epilepsy	4.9139442012318276e-11
2	Benign_Rolandic_epilepsy	4.912796818337943e-11
2	Photogenic_epilepsy	4.906978355762986e-11
2	Epilepsy,_juvenile_myoclonic_7	4.9026481784500454e-11
2	Puerperal_convulsion	4.901357394282995e-11
2	Focal_emotional_seizure_with_laughing	4.900020086929697e-11
2	Epilepsy_with_continuous_spike_wave_during_slow-wave_sleep	4.899433986848066e-11
2	Psychosensory_epilepsy	4.887865574548504e-11
2	Epilepsy,_juvenile_myoclonic_8	4.8876913039483895e-11
2	Chronic_progressive_epilepsia_partialis_continua_of_childhood	4.8839420629946166e-11
2	Seizures,_Simple_Partial,_Special_Sensory_Symptoms	4.880951650137901e-11
2	Cryptogenic_West_syndrome	4.8794506455016006e-11
2	Deja_vu_aura	4.877054872310651e-11
2	Lateral_temporal_epilepsy	4.876837095439466e-11
2	Visual_reflex_epilepsy	4.875449339860981e-11
2	Reflex_epilepsy	4.875319736254586e-11
2	X-linked_cone-rod_dystrophy_1	4.874981572311653e-11
2	Collagen_and_elastic_tissue_disorders_affecting_skin	4.874981572311653e-11
2	Cone_dystrophy_1,_X-linked	4.874981572311653e-11
2	Congenital_disease	4.874981572311653e-11
2	Acne_inversa,_familial,_1	4.874981572311653e-11
2	Generalized_epilepsy_with_febrile_seizures_plus,_type_1	4.8716393318080155e-11
2	Generalized_epilepsy_with_febrile_seizures_plus,_type_7	4.8706260026961744e-11
2	Epilepsy_with_generalized_tonic-clonic_seizures	4.870525615259719e-11
2	Non-convulsive_simple_partial_status_epilepticus	4.8702400407460206e-11
2	Myelopathy	4.867820318070714e-11
2	Mesiobasal_limbic_epilepsy	4.8647980556724016e-11
2	Eclampsia_in_puerperium	4.863805745653988e-11
2	Seizures,_benign_familial_neonatal,_2	4.863051485548923e-11
2	Jacksonian,_focal_or_motor_epilepsy	4.859237676388235e-11
2	Localization-related_cryptogenic_epilepsy	4.857870028331278e-11
2	Localization-related_idiopathic_epilepsy	4.8559771361454045e-11
2	Febrile_seizure_(within_the_age_range_of_3_months_to_6_years)	4.855804072906865e-11
2	Epilepsy_with_myoclonic_absences	4.854879452845973e-11
2	Tactile_epilepsy	4.853758601794473e-11
2	Childhood_epilepsy_with_occipital_paroxysms	4.8535813275996354e-11
2	Myoclonic-astatic_epilepsy	4.8533257185754456e-11
2	Cursive_(running)_epilepsy	4.85017488401224e-11
2	Focal_sensory_seizure_with_gustatory_features	4.8493698765658726e-11
2	Hyperinsulinemic_hypoglycemia,_familial,_4	4.848854429860548e-11
2	Movement_partial_seizure	4.8482715404501013e-11
2	Generalized_non-convulsive_status_epilepticus_without_coma	4.8478728803949794e-11
2	Opercular_epilepsy	4.8476906192939304e-11
2	Clubbing_of_toes	4.842683259047264e-11
2	Metabolic_disease_with_epilepsy	4.8397374225909816e-11
2	Refractory_epilepsy	4.8364268098674954e-11
2	Partial_epilepsy_with_autonomic_symptoms	4.834696442426729e-11
2	Amelocerebrohypohidrotic_syndrome	4.8345527098910796e-11
2	Non-convulsive_status_epilepticus_with_three_per_second_spike_wave	4.8282867825040555e-11
2	Orbitofrontal_epilepsy	4.825784567947676e-11
2	Benign_childhood_occipital_epilepsy,_Gastaut_type	4.821590818064818e-11
2	Rasmussen_syndrome	4.821385062323614e-11
2	MERRF_syndrome	4.8201319636282066e-11
2	Febrile_seizures,_familial,_3b	4.819287194459014e-11
2	Extratemporal_epilepsy	4.8171546620424267e-11
2	Symptomatic_West_syndrome	4.8163654863990803e-11
2	Writing_epilepsy	4.8116588309539056e-11
2	Lennox-Gastaut_syndrome	4.81118407459823e-11
2	Benign_atypical_partial_epilepsy_in_childhood	4.8062197396676326e-11
2	Myoclonic_encephalopathy	4.80572830176952e-11
2	Occipital_lobe_epilepsy	4.805270269343982e-11
2	Epilepsy,_idiopathic_generalized,_susceptibility_to,_10	4.8028311496668355e-11
2	Cingulate_epilepsy	4.80140109954352e-11
2	Benign_frontal_epilepsy_of_childhood	4.7989353642404634e-11
2	Erythromelalgia	4.797813164283439e-11
2	Eclampsia_added_to_pre-existing_hypertension	4.797309276200715e-11
2	Aura	4.796716415418442e-11
2	Startle_partial_seizure	4.7919251336590656e-11
2	Central_convulsion	4.790906876145264e-11
2	Visceral_epilepsy	4.789073357886209e-11
2	Secondary_reading_epilepsy	4.787799541903425e-11
2	Eating_seizures	4.7801689331800127e-11
2	Reading_seizure	4.779210255536121e-11
2	Generalized_myoclonic_seizure	4.770426478070399e-11
2	Focal-onset_seizure	4.7687449304324626e-11
2	Secondarily_generalized_seizures	4.768666028676701e-11
2	Benign_childhood_occipital_epilepsy,_Panayiotopoulos_type	4.756830608827965e-11
2	Non-convulsive_status_epilepticus_without_three_per_second_spike_wave	4.75488598899353e-11
2	Visual_epilepsy	4.7500147502966026e-11
2	Partial_epilepsy_with_impairment_of_consciousness	4.7458502439438865e-11
2	Fifth_day_fits	4.734319356151829e-11
2	Abdominal_seizure	4.713632414339511e-11
2	Drug-induced_epilepsy	4.71068209817034e-11
2	Anterior_frontopolar_epilepsy	4.6212932094225126e-11
2	Porphyria-induced_scleroderma	4.590822180257099e-11
2	Scleredema	4.590822180257099e-11
2	Epileptic_vertigo	4.558459896086243e-11
2	Corneal_scarring	4.544597684386095e-11
2	Meesmann_corneal_dystrophy	4.4889575295754686e-11
2	Recurrent_corneal_erosions	4.4889575295754686e-11
2	Congenital_stationary_night_blindness_1A	4.479662962243004e-11
2	Night_blindness	4.479662962243004e-11
2	Snuffles_in_newborn	4.4567898429672206e-11
2	Autosomal_dominant_nonsyndromic_hearing_loss_50	4.2963706659343385e-11
2	Malignant_tumor_of_ureter	4.271928668703211e-11
2	Neoplasm_of_the_urethra	4.2258741201722844e-11
2	Neoplasm_of_the_ureter	4.2258741201722844e-11
2	Galactorrhea	4.190173988126044e-11
2	Pseudoxanthoma_elasticum,_modifier_of_severity_of	4.190173988126044e-11
2	Raynaud_phenomenon	4.190173988126044e-11
2	Hemolytic-uremic_syndrome	4.190173988126044e-11
2	Hemolytic_uremic_syndrome,_atypical,_susceptibility_to,_7	4.190173988126044e-11
2	Oral_bleeding	4.190173988126044e-11
2	Immunoglobulin-mediated_membranoproliferative_glomerulonephritis	4.190173988126044e-11
2	Hematuria	4.0672803155227127e-11
2	Kidney_disorder	4.0672803155227127e-11
2	Cold_urticaria	4.035885512970485e-11
2	UV-sensitive_syndrome_1	3.958540286283469e-11
2	Freckling	3.958540286283469e-11
2	Retrognathias	3.804314956828112e-11
2	Melanocytic_nevus	3.775539834447863e-11
2	Trismus	3.6133888300841386e-11
2	Gigantism,_partial,_of_hands_and_feet,_nevi,_hemihypertrophy,_and_macrocephaly	3.5931144165128676e-11
2	Hypopigmentation_of_the_skin	3.570951522346452e-11
2	Abnormal_salivary_gland_morphology	3.520825230072365e-11
2	Holoprosencephaly_sequence	3.520825230072365e-11
2	Corneal_opacity	3.520825230072365e-11
2	Arrhinencephaly	3.520825230072365e-11
2	Bilirubin_encephalopathy	3.520825230072365e-11
2	Corneal_perforation	3.520825230072365e-11
2	Isolated_Pierre-Robin_syndrome	3.520825230072365e-11
2	Clouding_of_corneal_stroma	3.520825230072365e-11
2	Gestational_diabetes	3.486024372867308e-11
2	Clubbing_of_fingers	3.4605583512231594e-11
2	Abnormal_bone_marrow_cell_morphology	3.434681273277832e-11
2	Abnormality_of_thrombocytes	3.434681273277832e-11
2	Abnormality_of_coagulation	3.434681273277832e-11
2	Bone_marrow_disorder	3.434681273277832e-11
2	Pituitary_gland_disorder	3.417562985909018e-11
2	Corneal_neovascularization	3.417562985909018e-11
2	Disorder_of_salivary_gland	3.414848174228692e-11
2	Bladder_fistula	3.3912493019610966e-11
2	Odontoma	3.34960532337193e-11
2	Allan-Herndon-Dudley_syndrome	3.264908677468095e-11
2	Maturity-onset_diabetes_of_the_young_type_7	3.264908677468095e-11
2	TYPE_2_DIABETES_MELLITUS,_PROTECTION_AGAINST	3.264908677468095e-11
2	Maturity-onset_diabetes_of_the_young_type_9	3.264908677468095e-11
2	Maturity_onset_diabetes_mellitus_in_young	3.264908677468095e-11
2	Celiac_disease,_susceptibility_to,_1	3.264908677468095e-11
2	Maturity-onset_diabetes_of_the_young_type_4	3.264908677468095e-11
2	Maturity-onset_diabetes_of_the_young_type_6	3.264908677468095e-11
2	Maturity-onset_diabetes_of_the_young_type_2	3.264908677468095e-11
2	Maturity-onset_diabetes_of_the_young_type_3	3.264908677468095e-11
2	Maturity-onset_diabetes_of_the_young_type_1	3.264908677468095e-11
2	Maturity-onset_diabetes_of_the_young_type_11	3.264908677468095e-11
2	Maturity-onset_diabetes_of_the_young_type_10	3.264908677468095e-11
2	Insulin_resistance,_susceptibility_to	3.264908677468095e-11
2	Neuroendocrine_neoplasm	3.264771348515459e-11
2	Retinitis_pigmentosa	3.24333122356986e-11
2	Diverticulum_of_bladder	3.217463749151256e-11
2	Bladder_stones	3.217463749151256e-11
2	Bladder_exstrophy	3.217463749151256e-11
2	Contact_lens_corneal_edema	3.166692481367756e-11
2	Carney_complex___trismus___pseudocamptodactyly_syndrome	3.1506498477329895e-11
2	Hypohidrotic_X-linked_ectodermal_dysplasia	3.089518043422052e-11
2	Auditory_Neuropathy_Nonsyndromic_Recessive	3.067105626585031e-11
2	Autosomal_recessive_nonsyndromic_hearing_loss_9	3.067105626585031e-11
2	Congenital_generalized_lipodystrophy_type_4	3.036430076188791e-11
2	Neoplasm_of_the_gallbladder	2.9994128649355983e-11
2	Birt-Hogg-Dube_syndrome	2.915668555325694e-11
2	APUdoma	2.915668555325694e-11
2	Arteriovenous_malformation	2.882587578668299e-11
2	Vascular_calcification	2.882587578668299e-11
2	Vascular_dilatation	2.882587578668299e-11
2	Hereditary_spastic_paraplegia_8	2.8550908500347182e-11
2	Thyroglossal_cyst	2.8144299270610948e-11
2	Thyroid_dysgenesis	2.8144299270610948e-11
2	Mastoiditis	2.8144299270610948e-11
2	abnormal_involuntary_movement	2.7211497724021332e-11
2	Cholesteatoma	2.687618723203465e-11
2	Chédiak-Higashi_syndrome	2.6669908047279145e-11
2	Hyper-IgE_recurrent_infection_syndrome_1,_autosomal_dominant	2.6669908047279145e-11
2	Papillon-Lefèvre_syndrome	2.6669908047279145e-11
2	Neuroblastoma,_susceptibility_to	2.6669908047279145e-11
2	Xeroderma_pigmentosum,_type_F/Cockayne_syndrome	2.6669908047279145e-11
2	Neuroblastoma,_susceptibility_to,_1	2.6669908047279145e-11
2	ADENOMA,_PERIAMPULLARY,_SOMATIC	2.6669908047279145e-11
2	Xeroderma_pigmentosum,_group_F	2.6669908047279145e-11
2	Nevus	2.6669908047279145e-11
2	Neuropathy,_hereditary_sensory_and_autonomic,_type_1C	2.6669908047279145e-11
2	Brain_tumor-polyposis_syndrome_2	2.6669908047279145e-11
2	Xanthomatosis	2.6669908047279145e-11
2	Tumor_of_parathyroid_gland	2.6542171754379338e-11
2	Ankyloglossia	2.644159828864708e-11
2	Diabetic_ketoacidosis	2.5067544171332122e-11
2	Single_umbilical_artery	2.4444903141629217e-11
2	Recurrent_hypersomnia	2.420918919593169e-11
2	Idiopathic_hypersomnia_without_long_sleep_time	2.420918919593169e-11
2	Hypersomnia_disorder_related_to_menstruation	2.420918919593169e-11
2	Persistent_hypersomnia	2.420918919593169e-11
2	Germinoma	2.4107735943022607e-11
2	Periodic_Limb_Movement_Disorder	2.3884376932517496e-11
2	Ballism	2.3884376932517496e-11
2	Fasciculations	2.3884376932517496e-11
2	Congenital_miosis	2.3579876942887225e-11
2	Ptosis,_hereditary_congenital,_1	2.3579876942887225e-11
2	Pylorospasm	2.3414878477881073e-11
2	Myotonic_syndrome	2.3414878477881073e-11
2	Pharyngeal_spasm	2.3414878477881073e-11
2	Spasm_of_back_muscles	2.3414878477881073e-11
2	Myotonia_acquisita	2.3414878477881073e-11
2	Non-bullous_erythema_multiforme	2.322391640028445e-11
2	Aseptic_necrosis	2.3130710683558113e-11
2	Bone_Infarction	2.3130710683558113e-11
2	Bone_necrosis	2.3130710683558113e-11
2	Aseptic_necrosis_of_bone	2.3130710683558113e-11
2	Erythroderma_caused_by_drug	2.2955487831929353e-11
2	Familial_actinic_prurigo_of_lip	2.2947199227049082e-11
2	Drug-induced_Stevens-Johnson_syndrome	2.294080901053182e-11
2	Vesicobullous_form_erythema_multiforme	2.2796511984217447e-11
2	Necrolytic_migratory_erythema	2.2788310138685496e-11
2	Reticulocytosis	2.2638102991137993e-11
2	Telecanthus	2.2638102991137993e-11
2	Genu_valgum	2.2638102991137993e-11
2	Isolated_ankyloblepharon_filiforme_adnatum	2.2638102991137993e-11
2	Entropion	2.2638102991137993e-11
2	Ankyloblepharon	2.2638102991137993e-11
2	Trichiasis	2.2638102991137993e-11
2	Ectropion	2.2638102991137993e-11
2	Erythema_multiforme,_mixed_dermal-epidermal_type	2.2627122043936263e-11
2	Erythema_marginatum_in_acute_rheumatic_fever	2.256732983809237e-11
2	Duodenal_atresia	2.2493504239989883e-11
2	Allergic_conjunctivitis	2.231359481283017e-11
2	Degenerative_disorder	2.2114888801115912e-11
2	Hyperpigmentation_of_eyelid	2.1864433623317116e-11
2	Carney_complex,_type_1	2.1778442326433355e-11
2	Neuroma	2.177844232643328e-11
2	Schwannoma	2.177844232643328e-11
2	Paralysis	2.1678658225952618e-11
2	Apraxia	2.1678658225952618e-11
2	Severe_X-linked_mitochondrial_encephalomyopathy	2.1678658225952618e-11
2	Abnormality_of_extrapyramidal_motor_function	2.1678658225952618e-11
2	Athetoid_paralysis	2.126907006747165e-11
2	Microcephaly_normal_intelligence_and_immunodeficiency	2.0748632728804974e-11
2	Ataxia_Telangiectasia_Variant_V2	2.0748632728804974e-11
2	Dysprosody_of_'pseudoforeign_dialect'	2.0633557238049206e-11
2	Dyspraxia_of_velopharynx	2.0633557238049206e-11
2	Velopharyngeal_mislearning	2.0633557238049206e-11
2	Anarthria	2.0633557238049206e-11
2	Bradylalia	2.0633557238049206e-11
2	Restricted_sound_system	2.0633557238049206e-11
2	Impairment_of_voice_production	2.0633557238049206e-11
2	Impairment_of_speech_form	2.0633557238049206e-11
2	Oral-verbal_dyspraxia	2.0633557238049206e-11
2	Non-Alzheimer_progressive_dysphasia	2.0633557238049206e-11
2	Dysfluency	2.0633557238049206e-11
2	Congenital_receptive_dysphasia	2.0633557238049206e-11
2	Malignant_rhabdoid_tumor,_somatic	2.0511234733549002e-11
2	Teratoid_tumor,_atypical	2.0511234733549002e-11
2	Cerebral_palsy,_spastic_quadriplegic,_2	2.0511234733549002e-11
2	LEAD_POISONING,_SUSCEPTIBILITY_TO	2.0511234733549002e-11
2	Mucopolysaccharidosis,_MPS-I-S	2.0511234733549002e-11
2	Basal_ganglia_calcification,_idiopathic,_5	2.0511234733549002e-11
2	Spastic_paraplegia_52,_autosomal_recessive	2.0511234733549002e-11
2	Asterixis	2.0511234733549002e-11
2	Ophthalmoparesis	2.0511234733549002e-11
2	Myokymia	2.0511234733549002e-11
2	Spermatocele	2.0330145614373674e-11
2	Mandibular_Retrusions	2.0136594017866874e-11
2	Aplasia/Hypoplasia_of_the_mandible	2.0136594017866874e-11
2	Hyperactivity	2.0024663330916996e-11
2	Hemiballismus	2.0009221572344228e-11
2	Paroxysmal_dyskinesia	2.0009221572344228e-11
2	Myoclonus	2.0009221572344228e-11
2	Athetosis	2.0009221572344228e-11
2	Ear_pain	1.9895700324199114e-11
2	Coronary_artery_spasm	1.9810664383421226e-11
2	Ischemic_bowel_disorder	1.9810664383421226e-11
2	Chronic_intestinal_vascular_insufficiency	1.9810664383421226e-11
2	Ariboflavinosis	1.9464185367376522e-11
2	Decreased_circulating_vitamin_C_concentration	1.9464185367376522e-11
2	3-methylcrotonyl-CoA_carboxylase_2_deficiency	1.9464185367376522e-11
2	Imerslund-Grasbeck_syndrome	1.9464185367376522e-11
2	Pellagra	1.9464185367376522e-11
2	Oculomotor_apraxia	1.9065963327204013e-11
2	Disorder_of_blood_gas	1.8797942213264236e-11
2	Resting_tremor	1.798186750280353e-11
2	Limb_tremor	1.798186750280353e-11
2	Rubral_tremor	1.798186750280353e-11
2	Action_tremor	1.798186750280353e-11
2	Postural_tremor	1.798186750280353e-11
2	Tremor,_hereditary_essential,_4	1.798186750280353e-11
2	Adductor_spastic_dysphonia_of_organic_voice_tremor	1.798186750280353e-11
2	Torticollis	1.7935173882182282e-11
2	Spasmodic_torticollis	1.7935173882182282e-11
2	Meier-Gorlin_syndrome_2	1.773095193072089e-11
2	Meier-Gorlin_syndrome_3	1.773095193072089e-11
2	Meier-Gorlin_syndrome_4	1.773095193072089e-11
2	Meier-Gorlin_syndrome_5	1.773095193072089e-11
2	Pain_associated_with_defecation	1.773095193072089e-11
2	Muscular_dystrophy-dystroglycanopathy_(congenital_with_intellectual_disability),_type_B14	1.773095193072089e-11
2	Muscular_dystrophy-dystroglycanopathy_(congenital_with_brain_and_eye_anomalies),_type_a,_12	1.773095193072089e-11
2	Encephalopathy-hypertrophic_cardiomyopathy-renal_tubular_disease_syndrome	1.773095193072089e-11
2	Intellectual_disability-feeding_difficulties-developmental_delay-microcephaly_syndrome	1.773095193072089e-11
2	Aicardi-Goutieres_syndrome_7	1.773095193072089e-11
2	Intellectual_disability,_autosomal_dominant_15	1.773095193072089e-11
2	ALG11-congenital_disorder_of_glycosylation	1.773095193072089e-11
2	Genu_varum	1.769862877322202e-11
2	Inflammation_of_specific_body_systems	1.7650852509493658e-11
2	Cutaneous_tuberculosis	1.7650852509493658e-11
2	Gonadoblastoma	1.7632977428968577e-11
2	Hypertension,_pregnancy-induced	1.728709487448864e-11
2	Hyperemesis_gravidarum	1.6524626945599e-11
2	Heterotopia,_periventricular,_X-linked_dominant	1.6477109904780874e-11
2	RFT1-congenital_disorder_of_glycosylation	1.6477109904780874e-11
2	Heterotopia,_Periventricular_Nodular,_with_Frontometaphyseal_Dysplasia	1.6477109904780874e-11
2	Ileus	1.6332891197692795e-11
2	Superior_laryngeal_neuralgia	1.6187512344062014e-11
2	Maturity_onset_diabetes_of_the_young_type_4	1.6142081610486164e-11
2	Pancreatic_agenesis_1	1.6142081610486164e-11
2	Recurrent_angina_after_coronary_artery_bypass_graft	1.5734335482175333e-11
2	Cholinergic_urticaria	1.5695344203464558e-11
2	Recurrent_angina_following_placement_of_coronary_artery_stent	1.5651509669895648e-11
2	Syncope_anginosa	1.563539927523327e-11
2	Angry_back_syndrome	1.5607478791920824e-11
2	Thoracic_facet_joint_pain	1.5560758145089396e-11
2	Lumbago_with_sciatica	1.5522663506601578e-11
2	Cheilitis	1.5495588921310416e-11
2	Perioral_dermatitis	1.5495588921310416e-11
2	Cleft_upper_lip	1.5495588921310416e-11
2	Neck_pain	1.5411882873480234e-11
2	Endometriosis_outside_pelvis	1.5310283410378876e-11
2	Acute_painful_diabetic_neuropathy	1.5298858223672793e-11
2	Refractory_angina	1.5298052963504603e-11
2	Cervicobrachial_neuralgia	1.528034279004482e-11
2	Complex_regional_pain_syndrome	1.5274618418488465e-11
2	Hermansky-Pudlak_syndrome_8	1.5262655570205293e-11
2	Endometriosis_of_lung	1.5245491816288793e-11
2	Sleep-related_painful_erections	1.5220550523424428e-11
2	Disorders_of_spinal_neurones_manifest_by_hyperactivity	1.521514396085725e-11
2	Fallopian_tube_endometriosis	1.515354534303862e-11
2	Pain_of_uterus	1.5146070835966114e-11
2	Anterior_ethmoidal_nerve_syndrome	1.510809799333572e-11
2	Extraovarian_endometriosis	1.5085004867803983e-11
2	Secondary_trigeminal_neuralgia	1.501703819314417e-11
2	Eosinophilia_myalgia_syndrome	1.5016335658387272e-11
2	Cervical_facet_joint_pain	1.5012521309847323e-11
2	Endosalpingiosis	1.49772224373634e-11
2	Tolosa-Hunt_syndrome	1.4968983375976286e-11
2	Facet_joint_pain	1.4952258317955625e-11
2	Chronic_sore_throat	1.49495080584695e-11
2	Complex_regional_pain_syndrome,_type_II,_lower_limb	1.494518327718281e-11
2	Neurological_pain_disorder	1.493766617700316e-11
2	Cranial_neuralgia	1.4926383529880898e-11
2	Mechanical_low_back_pain	1.492479891659995e-11
2	Disorder_of_sacrum	1.4922245645639754e-11
2	Blindness,_Unilateral	1.4881893786051895e-11
2	Deciduomatosis	1.487570524006933e-11
2	Chronic_idiopathic_anal_pain	1.4832733723763826e-11
2	Solar_pruritus_of_elbows	1.4804843451545838e-11
2	Brachioradial_pruritus	1.4804843451545838e-11
2	Postmenopausal_pruritus	1.4804843451545838e-11
2	Asteatotic_eczema	1.4804843451545838e-11
2	Pruritus_due_to_systemic_disorder	1.4804843451545838e-11
2	Prurigo_nodularis	1.4804843451545838e-11
2	Pruritus_senilis	1.4804843451545838e-11
2	Hebra_prurigo	1.4804843451545838e-11
2	Senile_asteatotic_eczema	1.4804843451545838e-11
2	Prurigo_of_pregnancy	1.4804843451545838e-11
2	Prurigo_mitis	1.4804843451545838e-11
2	Prurigo_pigmentosa	1.4804843451545838e-11
2	Prurigo	1.4804843451545838e-11
2	Subacute_prurigo	1.4804843451545838e-11
2	Aquagenic_pruritus	1.4804843451545838e-11
2	Generalized_pruritus_of_unknown_etiology	1.4804843451545838e-11
2	Papular_urticaria	1.4804843451545838e-11
2	Pruriginous_atopic_dermatitis	1.4804843451545838e-11
2	PUVA-induced_pruritus	1.4804843451545838e-11
2	Chronic_prurigo	1.4804843451545838e-11
2	Hemodialysis-associated_pruritus	1.4804843451545838e-11
2	Refractory_infantile_spasms	1.480365621229896e-11
2	Disorder_characterized_by_back_pain	1.4798839312958578e-11
2	Abdominal_colic	1.4761100872360912e-11
2	Tissue_expander_disorder	1.475358826949805e-11
2	Coronary_microvascular_disorder	1.474452217554579e-11
2	Peripheral_neuralgia	1.4734698518611475e-11
2	Epidemic_cervical_myalgia	1.47093230997782e-11
2	Allodynia	1.464018968679718e-11
2	Central_pain_syndrome	1.460895996176773e-11
2	New_onset_angina	1.4506149882728258e-11
2	Chest_pain	1.44315214261957e-11
2	Cervical_endometriosis	1.4407500296037171e-11
2	Diabetic_acute_painful_polyneuropathy	1.4400776700728636e-11
2	Vertebrogenic_pain_syndrome	1.4396798875672426e-11
2	Stable_angina	1.4387160697490081e-11
2	Cluster_headache	1.4374761518999854e-11
2	Meralgia_paresthetica	1.4374046817074718e-11
2	Lumbar_facet_joint_pain	1.436238387778235e-11
2	Iliohypogastric_nerve_neuralgia	1.4306900453010806e-11
2	Xiphoidalgia_syndrome	1.4277123052240494e-11
2	Endometriosis_of_intestine	1.4246754441247456e-11
2	Neuralgia_with_AIDS_(acquired_immunodeficiency_syndrome)	1.424026597138846e-11
2	Polymyalgia_rheumatica	1.4228745315545144e-11
2	Disorder_of_abdomen	1.4222389745247537e-11
2	Neurologic_voice_disorder	1.4220098256373566e-11
2	Preinfarction_syndrome	1.4182791528753556e-11
2	Endometriosis_of_round_ligament	1.4180844182743493e-11
2	Putti-Chavany_syndrome	1.4151036985071246e-11
2	Recurrent_angina_after_percutaneous_transluminal_coronary_angioplasty	1.4105242864535963e-11
2	Stump_neuralgia	1.4099419410437368e-11
2	Levator_syndrome	1.4029996725670982e-11
2	Angina,_class_IV	1.3996531736851432e-11
2	Nasociliary_neuralgia	1.396463049626037e-11
2	Vulvodynia	1.3949354203009092e-11
2	Prostate_disorder	1.3914306114833927e-11
2	Intercostal_post-herpetic_neuralgia	1.3882684888123669e-11
2	Disorder_of_male_genital_organ	1.3880827149482228e-11
2	Angina,_class_I	1.3863785640131327e-11
2	Functional_abdominal_pain_syndrome	1.3845848679250491e-11
2	Progressive_angina	1.3755499259332608e-11
2	Endometriosis_of_appendix	1.3728307204770973e-11
2	Recurrent_angina_after_directional_coronary_atherectomy	1.3695783529974968e-11
2	Piezogenic_pedal_papules	1.3634100341069757e-11
2	Myalgia-eosinophilia_syndrome_associated_with_tryptophan	1.360594381646101e-11
2	Atypical_angina	1.3581586938468138e-11
2	Infective_pharyngitis	1.3578377726222594e-11
2	Post-thoracotomy_pain_syndrome	1.3575103316578647e-11
2	Nocturnal_angina	1.3563497213208177e-11
2	Acute_pharyngitis	1.351286525018263e-11
2	Eclampsia	1.3500685652241996e-11
2	Lumbago-sciatica_due_to_displacement_of_lumbar_intervertebral_disc	1.3465096719644415e-11
2	Shoulder_pain	1.3415328173546183e-11
2	Glossopharyngeal_neuralgia	1.3393134422172969e-11
2	Endometriosis_of_the_cul-de-sac	1.337450147678988e-11
2	Endometriosis_of_broad_ligament	1.3365715087353804e-11
2	Endometriosis_of_parametrium	1.3324138894390918e-11
2	Internal_mammary_artery_syndrome	1.3305628287997068e-11
2	Endometriosis_of_vulva	1.3221485381441468e-11
2	Ovarian_endometriosis	1.3210775542787592e-11
2	Angina_decubitus	1.3208116681172972e-11
2	Stress_urinary_incontinence	1.3132604734174352e-11
2	Post-infectious_neuralgia	1.3119556371202791e-11
2	Endometriosis_of_rectovaginal_septum_and_vagina	1.310964526196189e-11
2	Akinesia	1.3103178749292509e-11
2	Cutaneous_endometriosis	1.30548530853866e-11
2	Fibromyalgia	1.3003270386759652e-11
2	Claudication	1.2985660972041985e-11
2	Beckwith-Wiedemann_syndrome	1.2980098780845273e-11
2	Baller-Gerold_syndrome	1.2980098780845273e-11
2	Microcephaly,_normal_intelligence_and_immunodeficiency	1.2980098780845273e-11
2	Ataxia-Telangiectasia_Variant_V2	1.2980098780845273e-11
2	Pallister-Hall_syndrome	1.2980098780845273e-11
2	Fibrositis_and_nodular_fasciitis	1.2967174990964101e-11
2	Status_anginosus	1.2954720617401318e-11
2	Acute_coronary_insufficiency	1.2880465978937383e-11
2	Flank_pain	1.2819220331320966e-11
2	Epidemic_pleurodynia	1.2782786530996373e-11
2	Complex_regional_pain_syndrome_of_knee	1.272129826845026e-11
2	Loss_of_appetite	1.2690708224111921e-11
2	Pregnancy_Complication	1.2662694512011709e-11
2	Neuralgia,_Vidian	1.2644371205339618e-11
2	Autosomal_dominant_limb-girdle_muscular_dystrophy_type_1F	1.2640526944573236e-11
2	Mucopolysaccharidosis,_MPS-III-C	1.2640526944573236e-11
2	Hernia	1.2640526944573236e-11
2	Scarring	1.2640526944573236e-11
2	HYPERHOMOCYSTEINEMIA,_THROMBOTIC,_CBS-RELATED	1.2640526944573236e-11
2	Mucopolysaccharidosis,_MPS-I-H/S	1.2640526944573236e-11
2	Cluster_tic_syndrome	1.2499931109400778e-11
2	Secondary_fibrositis	1.2364564346391345e-11
2	Dysgerminoma	1.2355149416505151e-11
2	Nerve_root_disorder	1.2304812445766123e-11
2	Disorder_of_cornea_associated_with_contact_lens	1.2302810634621313e-11
2	Contact_lens_related_giant_papillary_conjunctivitis	1.2302810634621313e-11
2	Cafe-au-lait_spot	1.2282471508817752e-11
2	Mongolian_blue_spot	1.2282471508817752e-11
2	Amalgam_tattoo	1.2282471508817752e-11
2	Cutaneous_macular_amyloidosis	1.2282471508817752e-11
2	Pintid	1.2282471508817752e-11
2	Birthmark	1.2282471508817752e-11
2	Endometriosis_of_vagina	1.2195977472853323e-11
2	Endometriosis_of_uterus	1.2142332658492465e-11
2	Connective_tissue_nevi	1.2137175089128148e-11
2	Xiphodynia	1.2073568065881452e-11
2	Focal_tonic_seizure	1.1882127681858012e-11
2	Epileptic_spasm	1.1874003831184763e-11
2	Benign_neonatal_seizures	1.1787621830433157e-11
2	Tetanic_convulsion	1.172779704410083e-11
2	Symptomatic_Lennox-Gastaut_syndrome	1.1690059638315642e-11
2	Seizures,_benign_familial_infantile,_2	1.1685387835376383e-11
2	Epilepsy_with_generalized_tonic-clonic_seizures_alone	1.1664240510027809e-11
2	Dorsolateral_epilepsy	1.1603736551327653e-11
2	Stress-induced_epilepsy	1.159549687991243e-11
2	Primary_inherited_reading_epilepsy	1.1588419809076442e-11
2	Epulis	1.1566901164154703e-11
2	Median_palatal_cyst	1.1566901164154703e-11
2	Viral_wart_on_lip	1.1566901164154703e-11
2	Cyst_of_oral_soft_tissue	1.1566901164154703e-11
2	Granuloma_of_lip	1.1566901164154703e-11
2	Myoclonic_epilepsy_of_infancy	1.1547283556185185e-11
2	Epilepsy,_idiopathic_generalized,_susceptibility_to,_9	1.151447295447441e-11
2	Alcohol-induced_epilepsy	1.1500863751839125e-11
2	Nocturnal_seizures	1.1500062140582052e-11
2	Generalized_Epilepsy,_Symptomatic	1.1486535718983512e-11
2	Early_infantile_epileptic_encephalopathy_with_suppression_bursts	1.1450337143670594e-11
2	Chronic_progressive_epilepsia_partialis_continua	1.1444203355813347e-11
2	Sciatica	1.1440701499857475e-11
2	Refractory_epilepsia_partialis_continua	1.1408122454999027e-11
2	Convulsive_Epilepsy,_Generalized	1.138851519383341e-11
2	Parietal_lobe_epilepsy	1.1380633731605268e-11
2	Algoneurodystrophy	1.136113719181142e-11
2	Symptomatic_Myoclonic_Epilepsy	1.1356454220187784e-11
2	Localization-related_symptomatic_epilepsy_with_specific_precipitant	1.1297540051599653e-11
2	Cardiomyopathy,_right_ventricular_dilated	1.1270550562023345e-11
2	Histiocytoid_cardiomyopathy	1.1270550562023345e-11
2	Arrhythmogenic_right_ventricular_dysplasia,_familial,_11,_and_mild_palmoplantar_keratoderma_with_or_without_woolly_hair	1.1270550562023345e-11
2	Myofibrillar_myopathy	1.1270550562023345e-11
2	Restrictive_cardiomyopathy	1.1270550562023345e-11
2	Takotsubo_cardiomyopathy	1.1270550562023345e-11
2	Lethal_infantile_mitochondrial_myopathy	1.1270550562023345e-11
2	Congenital_multicore_myopathy_with_external_ophthalmoplegia	1.1270550562023345e-11
2	Cardiomyopathy,_familial_hypertrophic,_4,_susceptibility_to	1.1270550562023345e-11
2	Primary_dysmenorrhea	1.1258531487168016e-11
2	Stress_seizure	1.1247609133470797e-11
2	Focal_motor_seizure_with_version	1.124370811999667e-11
2	Narcotic_withdrawal_epilepsy	1.1235299674599218e-11
2	Epilepsy,_progressive_myoclonic,_1B	1.1217619676724645e-11
2	Epilepsy,_juvenile_absence_2	1.1202004434522394e-11
2	Somatosensory_epilepsy	1.12014139798922e-11
2	Eclampsia_in_labor	1.119768757180418e-11
2	Pudendal_neuralgia	1.1179888158275484e-11
2	Primary_motor_cortex_epilepsy	1.1174380256366629e-11
2	Endometriosis_in_cutaneous_scar	1.1129119090286806e-11
2	Chronic_low_back_pain	1.1100284640293049e-11
2	Behavioral_arrest_epileptic_seizure	1.1099286794254188e-11
2	Spondyloepiphyseal_dysplasia	1.1060245267156622e-11
2	Pyle_metaphyseal_dysplasia	1.1060245267156622e-11
2	Spondyloepimetaphyseal_dysplasia,_Strudwick_type	1.1060245267156622e-11
2	Craniometaphyseal_dysplasia,_autosomal_recessive	1.1060245267156622e-11
2	Multiple_epiphyseal_dysplasia	1.1060245267156622e-11
2	Amygdalo-hippocampal_epilepsy	1.1037907809917754e-11
2	Myelitis	1.1016515464473004e-11
2	Focal_clonic_seizure	1.1010453096711905e-11
2	Osteochondroma	1.100687420946535e-11
2	Short_stature_and_advanced_bone_age,_with_or_without_early-onset_osteoarthritis_and/or_osteochondritis_dissecans	1.100687420946535e-11
2	Otospondylomegaepiphyseal_dysplasia,_autosomal_dominant	1.100687420946535e-11
2	Exostoses	1.100687420946535e-11
2	Chondroblastoma	1.100687420946535e-11
2	Enchondroma	1.100687420946535e-11
2	Chordoma	1.100687420946535e-11
2	Osteoma	1.100687420946535e-11
2	Osteoblastoma	1.100687420946535e-11
2	Giant_cell_tumor_of_bone	1.100687420946535e-11
2	GENERALIZED_EPILEPSY_WITH_FEBRILE_SEIZURES_PLUS,_TYPE_5,_SUSCEPTIBILITY_TO	1.0972590437169564e-11
2	Generalized_Nonconvulsive_Seizure_Disorder	1.0932523188063634e-11
2	Endometriosis_of_pelvis	1.0922970621445556e-11
2	Benign_idiopathic_neonatal_seizures	1.0795516894009874e-11
2	Autonomic_facial_cephalgia	1.0787060338049158e-11
2	Unverricht-Lundborg_syndrome	1.0693357905326507e-11
2	Moyamoya_disease_with_early-onset_achalasia	1.0685544090553233e-11
2	Epilepsy,_idiopathic_generalized,_susceptibility_to,_11	1.0645626766152298e-11
2	Extrahepatic_cholestasis	1.0579900326513938e-11
2	Complex_partial_status_epilepticus	1.0527366951270745e-11
2	Necrotizing_cutaneous_vasculitis	1.0316622791309243e-11
2	Lupus_erythematosus-associated_urticarial_vasculitis	1.0316622791309243e-11
2	Normocomplementemic_urticarial_vasculitis	1.0316622791309243e-11
2	Urticarial_vasculitis_with_monoclonal_IgM_component,_Schnitzler	1.0316622791309243e-11
2	Allergic_cutaneous_vasculitis	1.0316622791309243e-11
2	Wiskott-Aldrich_syndrome	1.0316622791309243e-11
2	Craniosynostosis_5,_susceptibility_to	1.0311382083919907e-11
2	Hydrarthrosis	1.0299186671165809e-11
2	Progressive_myoclonic_epilepsy	1.0258093214556868e-11
2	External_endometriosis	1.0034672977175303e-11
2	Perineal_neuralgia	9.956431848335917e-12
2	Radiculitis	9.914417308523592e-12
2	Osteochondropathy	9.908322958661364e-12
2	Atypical_neuralgia	9.894427659306516e-12
2	Acute_sciatica	9.875559207255627e-12
2	Complex_regional_pain_syndrome,_type_II,_upper_limb	9.866870526005914e-12
2	Endometriosis_of_pleura	9.769995620975175e-12
2	Idiopathic_vulvodynia	9.68801729926074e-12
2	Piriformis_syndrome	9.643777873164716e-12
2	Endometriosis_of_colon	9.638486216130378e-12
2	Epiphyseal_Dysplasia,_Ribbing_Type	9.638017416398159e-12
2	Brachyrachia_(short_spine_dysplasia)	9.638017416398159e-12
2	Intellectual_disability,_autosomal_dominant_13	9.638017416398159e-12
2	ADNP-related_multiple_congenital_anomalies_-_intellectual_disability_-_autism_spectrum_disorder	9.638017416398159e-12
2	Exostoses,_multiple,_type_2	9.638017416398159e-12
2	Cleidocranial_dysplasia_1,_forme_fruste,_dental_anomalies_only	9.638017416398159e-12
2	Cleidocranial_dysplasia_1,_forme_fruste,_with_brachydactyly	9.638017416398159e-12
2	Intellectual_disability,_X-linked_91	9.638017416398159e-12
2	Intellectual_disability,_autosomal_dominant_1	9.638017416398159e-12
2	Rothmund-Thomson_syndrome_type_2	9.638017416398159e-12
2	Meier-Gorlin_syndrome_1	9.638017416398159e-12
2	Aplasia_of_the_nose	9.638017416398159e-12
2	Dysmenorrhea_-_non-psychogenic	9.637973250635506e-12
2	Post_infarct_angina	9.601230192720346e-12
2	Complex_regional_pain_syndrome_type_1	9.544233231574075e-12
2	Disorder_of_pigmentation	9.463681402857847e-12
2	Acute_tubulointerstitial_nephritis	9.460745982582001e-12
2	Perinephritis	9.460745982582001e-12
2	Mesangiocapillary_glomerulonephritis	9.460745982582001e-12
2	Lipoid_nephrosis	9.460745982582001e-12
2	Autoimmune_lymphoproliferative_syndrome,_type_III_caused_by_mutation_in_PRKCD	9.460745982582001e-12
2	Membranous_nephropathy	9.460745982582001e-12
2	Hermansky-Pudlak_syndrome_9	9.427921481611971e-12
2	Chronic_sciatica	9.403913358026823e-12
2	Multiple_joint_pain	9.375064090644125e-12
2	Prinzmetal_angina	9.346809234399093e-12
2	Pain_in_female_genitalia_on_intercourse	9.263918574079466e-12
2	Endometriosis_of_umbilicus	9.249632567918388e-12
2	Hypersensitivity_reaction_mediated_by_immune_complex	9.213817469968133e-12
2	Nocturnal_enuresis	9.179086379696534e-12
2	Daytime_enuresis	9.179086379696534e-12
2	Complex_regional_pain_syndrome_of_foot	9.178838399193564e-12
2	Serum_sickness_type_vasculitis	9.15600116671716e-12
2	Immunologic_urticaria	9.15600116671716e-12
2	Urticarial_reaction_to_blood_product	9.15600116671716e-12
2	Serum_sickness_due_to_drug	9.15600116671716e-12
2	Idiopathic_trigeminal_neuralgia	9.077229772148454e-12
2	Posttraumatic_osteoporosis	9.038149691817072e-12
2	Inflammatory_bowel_disease_25	9.002980334088392e-12
2	Giant_cell_arteritis_with_polymyalgia_rheumatica	8.952108611632773e-12
2	Supraorbital_neuralgia	8.829615830371291e-12
2	Primary_fibrositis	8.780840361129941e-12
2	Increased_body_weight	8.594473244965976e-12
2	underweight	8.594473244965976e-12
2	Charcot-Marie-Tooth_disease,_axonal,_with_vocal_cord_paresis,_autosomal_recessive	8.530673791989287e-12
2	Spondylolisthesis	8.530673791989287e-12
2	46,XY_sex_reversal_6	8.513522315345435e-12
2	Silver-Russell_syndrome_1	8.513522315345435e-12
2	Endometriosis_of_rectovaginal_septum	8.510800581871523e-12
2	Other_Specified_Diseases_of_Liver	8.472869376799084e-12
2	Glossodynia	8.423806732988328e-12
2	Endometriosis_of_bladder	8.307506787021456e-12
2	Angina,_class_III	8.30620935295355e-12
2	Sphenopalatine_neuralgia	8.30136704727412e-12
2	Endometriosis_of_uterosacral_ligament	8.297452362043345e-12
2	Achillodynia	8.24502135019628e-12
2	Syndrome,_Algodystrophic	8.225770920370731e-12
2	Spinal_cord_compression	8.225646752171076e-12
2	Viral_myalgia	8.184081721295755e-12
2	Leber_optic_atrophy	8.174773179541295e-12
2	Recurrent_angina_post_rotational_atherectomy	8.155490297831375e-12
2	Brachial_plexus_neuralgia	8.143536424825264e-12
2	Essential_vulvodynia	8.129272390064353e-12
2	Ovarian_Endometriotic_Cyst	8.019295877446191e-12
2	Varicella,_severe_recurrent	7.968187426555784e-12
2	C6_deficiency,_subtotal	7.968187426555784e-12
2	Hyphema	7.938101323339831e-12
2	Choroid_hemorrhage	7.938101323339831e-12
2	Alimentary_tract_pain_due_to_vascular_insufficiency	7.872416409222187e-12
2	Recurrent_biliary_colic	7.858343924264826e-12
2	Segmental_dysfunction	7.81799424335008e-12
2	Endometriosis_of_rectum	7.814854356703584e-12
2	Morbus_Kienboeck	7.798522927464086e-12
2	Post-herpetic_trigeminal_neuralgia	7.76703346884641e-12
2	Occipital_neuralgia	7.730577031196977e-12
2	Pharyngitis	7.664055403926823e-12
2	Dysesthesia	7.662419885106602e-12
2	Endometriosis_of_pelvic_peritoneum	7.659278728846642e-12
2	Painful_pigmented_pressure_papules	7.595814493271893e-12
2	Hypoglossal_neuralgia	7.573026949779618e-12
2	Echogenic_fetal_bowel	7.557875390273515e-12
2	Duodenal_stenosis	7.533347647331093e-12
2	Complex_regional_pain_syndrome_of_hand	7.427887030123836e-12
2	Hyperandrogenism,_nonclassic_type,_due_to_21-hydroxylase_deficiency	7.374448461111105e-12
2	Pancreatic_insufficiency	7.374448461111105e-12
2	17,20-lyase_deficiency,_isolated	7.374448461111105e-12
2	3_beta-Hydroxysteroid_dehydrogenase_deficiency	7.374448461111105e-12
2	Glucocorticoid-remediable_aldosteronism	7.374448461111105e-12
2	Pseudohypoaldosteronism	7.374448461111105e-12
2	Maturity-onset_diabetes_of_the_young_type_8	7.374448461111105e-12
2	Exocrine_pancreatic_insufficiency	7.374448461111105e-12
2	Renal-hepatic-pancreatic_dysplasia_1	7.374448461111105e-12
2	Pigmented_nodular_adrenocortical_disease,_primary,_3	7.374448461111105e-12
2	Pigmented_nodular_adrenocortical_disease,_primary,_4	7.374448461111105e-12
2	Classic_congenital_adrenal_hyperplasia_due_to_21-hydroxylase_deficiency	7.374448461111105e-12
2	Deficiency_of_steroid_17-alpha-monooxygenase	7.374448461111105e-12
2	Arteriovenous_fistula	7.367668313506072e-12
2	Disorder_of_teeth_AND/OR_supporting_structures	7.333197184729599e-12
2	Erythema	7.113420270964326e-12
2	Spider_Vein	7.113420270964326e-12
2	Flushing	7.113420270964326e-12
2	Angiokeratoma	7.113420270964326e-12
2	Angioedema,_Hereditary,_Type_II	7.113420270964326e-12
2	Telangiectasia	7.113420270964326e-12
2	Ventral_hernia	7.1015915360022586e-12
2	Rectocele	7.1015915360022586e-12
2	Femoral_hernia	7.1015915360022586e-12
2	Incisional_hernia	7.1015915360022586e-12
2	Congenital_omphalocele	7.1015915360022586e-12
2	Inguinal_hernia	7.1015915360022586e-12
2	Penile_disorder	7.0160991574674496e-12
2	Biliary_colic	6.901016550723363e-12
2	Tonsillitis	6.87209011727011e-12
2	Nervus_intermedius_neuralgia	6.7522691759070365e-12
2	Complex_regional_pain_syndrome_type_2	6.640278780095754e-12
2	Jaundice	6.433320298344262e-12
2	Coloboma,_ocular,_autosomal_recessive	6.3466104738581555e-12
2	Lens_subluxation	6.3466104738581555e-12
2	Cervical_nerve_root_pain	6.229109542036819e-12
2	Blind_or_low_vision_-_both_eyes	6.1000684218881855e-12
2	Congenital_diaphragmatic_hernia	5.940754294854061e-12
2	Hereditary_geniospasm	5.7292680741442695e-12
2	Disorder_of_brain_stem	5.7292680741442695e-12
2	Disorder_of_palate	5.7292680741442695e-12
2	Disorder_of_oropharynx	5.7292680741442695e-12
2	Nasopharyngeal_disorder	5.7292680741442695e-12
2	Palatal_tremor	5.7292680741442695e-12
2	Sleep_myoclonus	5.7292680741442695e-12
2	Paget_disease_of_bone_2,_early-onset	5.716065658863635e-12
2	Jervell_and_Lange-Nielsen_syndrome_1	5.716065658863635e-12
2	High-frequency_hearing_impairment	5.716065658863635e-12
2	Usher_syndrome,_type_IIC,_GPR98/PDZD7_digenic	5.716065658863635e-12
2	Deafness,_autosomal_dominant_39,_with_dentinogenesis_imperfecta_1	5.716065658863635e-12
2	Unilateral_deafness	5.716065658863635e-12
2	Renal_tubular_acidosis,_distal,_3,_with_or_without_sensorineural_hearing_loss	5.716065658863635e-12
2	Old-aged_sensorineural_hearing_impairment	5.716065658863635e-12
2	Mixed_hearing_impairment	5.716065658863635e-12
2	Angina,_class_II	5.661204385298882e-12
2	Torsion_dystonia	5.612145242353921e-12
2	Dystonia	5.612145242353921e-12
2	Paroxysmal_dystonia	5.612145242353921e-12
2	Kinesiogenic_choreoathetosis	5.612145242353921e-12
2	Acute_nervous_system_disorder	5.612145242353921e-12
2	Limb_dystonia	5.612145242353921e-12
2	Writer_cramp	5.612145242353921e-12
2	Athetosis_with_spastic_paraplegia	5.543515518332277e-12
2	Posthemiplegic_athetosis	5.543515518332277e-12
2	Double_athetosis	5.543515518332277e-12
2	Athetosis_with_rigidity	5.543515518332277e-12
2	Weakness_of_facial_musculature	5.5204128079483574e-12
2	Facial_palsy	5.5204128079483574e-12
2	Cough_headache_syndrome	5.514090396573288e-12
2	Refractory_migraine_without_aura	5.51388864660664e-12
2	Autosomal_dominant_Charcot-Marie-Tooth_disease_type_2K	5.4926493890979264e-12
2	Ophthalmic_migraine	5.487290981398107e-12
2	Tension-type_headache	5.480608000886383e-12
2	Migraine_with_typical_aura	5.480608000886383e-12
2	Chronic_cluster_headache_evolved_from_episodic_cluster_headache	5.4805614056503094e-12
2	Non-familial_hemiplegic_migraine	5.4805614056503094e-12
2	Low_pressure_headache	5.479632138623529e-12
2	Hindbrain_hernia_headache	5.471049026294469e-12
2	Refractory_migraine	5.471049026294469e-12
2	Chronic_paroxysmal_hemicrania	5.460167213273082e-12
2	Headache_following_myelography	5.459061299166799e-12
2	Transformed_migraine	5.456669932355782e-12
2	Episodic_tension-type_headache	5.454737749264559e-12
2	Brain_disorder	5.448769316017764e-12
2	Headache_disorder	5.448769316017764e-12
2	Retinal_migraine	5.4483791123211954e-12
2	Chronic_tension-type_headache	5.4483791123211954e-12
2	Hemiplegic_migraine	5.4483791123211954e-12
2	Migraine_without_aura,_not_refractory	5.4483791123211954e-12
2	Chronic_cluster_headache_unremitting_from_onset	5.4483791123211954e-12
2	Familial_hemiplegic_migraine	5.4483791123211954e-12
2	Migraine_variants,_not_intractable	5.4481846372553e-12
2	Migraine_variant_with_headache	5.4481846372553e-12
2	Acute_confusional_migraine	5.448179279318077e-12
2	Perimenopausal_disorder	5.44808045449143e-12
2	Muscular_headache	5.44808045449143e-12
2	Hypnic_headache	5.448080228699483e-12
2	Intractable_ophthalmic_migraine	5.448080228699483e-12
2	Migraine_variants	5.448047844919026e-12
2	Complicated_migraine	5.44777134078255e-12
2	Paroxysmal_Hemicrania	5.447770357750446e-12
2	Headache_due_to_cold_exposure	5.447770357750446e-12
2	Chronic_mixed_headache_syndrome	5.43897034647292e-12
2	Allergic_headache	5.416891422896141e-12
2	Cervicogenic_headache	5.416891422896141e-12
2	Hemicrania_continua	5.416891422896141e-12
2	Migraine_aura_without_headache	5.416891422896141e-12
2	Sick_headache	5.416891422896141e-12
2	Chronic_headache_disorder	5.416891422896141e-12
2	Headache_associated_with_substance_abuse_or_withdrawal	5.416891422896141e-12
2	Atypical_cluster_headache	5.416891422896141e-12
2	Vascular_headache	5.416891422896141e-12
2	Refractory_migraine_variants	5.416891422896141e-12
2	Benign_exertional_headache	5.416891422896141e-12
2	Analgesic_overuse_headache	5.416891422896141e-12
2	Chronic_post-traumatic_headache	5.416891422896141e-12
2	Status_migrainosus	5.416891422896141e-12
2	Refractory_migraine_with_aura	5.416891422896141e-12
2	Episodic_cluster_headache	5.416891422896141e-12
2	Headache_due_to_high_altitude	5.416891422896141e-12
2	Charcot-Marie-Tooth_disease_type_2A1	5.4023325862728694e-12
2	Charcot-Marie-Tooth_disease_type_1D	5.4023325862728694e-12
2	Charcot-Marie-Tooth_disease_type_2B	5.4023325862728694e-12
2	Charcot-Marie-Tooth_disease_type_2B1	5.4023325862728694e-12
2	Charcot-Marie-Tooth_disease,_type_IA	5.4023325862728694e-12
2	Charcot-Marie-Tooth_disease_axonal_type_2N	5.4023325862728694e-12
2	Charcot-Marie-Tooth_disease_axonal_type_2K	5.4023325862728694e-12
2	MYASTHENIC_SYNDROME,_CONGENITAL,_1A,_SLOW-CHANNEL	5.4023325862728694e-12
2	Muscle_flaccidity	5.4023325862728694e-12
2	Charcot-Marie-Tooth_disease_dominant_intermediate_E	5.4023325862728694e-12
2	Charcot-Marie-Tooth_disease_type_2E	5.4023325862728694e-12
2	Charcot-Marie-Tooth_Neuropathy,_Type_4B2,_with_Early-Onset_Glaucoma	5.4023325862728694e-12
2	Werdnig-Hoffmann_disease	5.4023325862728694e-12
2	Charcot-Marie-Tooth_disease_type_4B2	5.4023325862728694e-12
2	Emery-Dreifuss_muscular_dystrophy_2,_autosomal_dominant	5.4023325862728694e-12
2	Charcot-Marie-Tooth_disease_axonal_type_2F	5.4023325862728694e-12
2	Charcot-Marie-Tooth_disease_axonal_type_2P	5.4023325862728694e-12
2	Charcot-Marie-Tooth_disease_type_4B2_with_early-onset_glaucoma	5.4023325862728694e-12
2	Migraine_with_aura	5.396118953275708e-12
2	Migraine_without_aura	5.396118953275708e-12
2	Porphyria,_acute_intermittent,_nonerythroid_variant	5.392754222739599e-12
2	Chester-type_porphyria	5.392754222739599e-12
2	AMYOTROPHIC_LATERAL_SCLEROSIS_1,_AUTOSOMAL_RECESSIVE	5.392754222739599e-12
2	Cystic_Disease_Of_Lung	5.3759895169368495e-12
2	Bronchogenic_cyst	5.3759895169368495e-12
2	Laryngeal_hemiplegia	5.366312582991431e-12
2	Infantile_hemiplegia	5.366312582991431e-12
2	Facial_hemiplegia	5.366312582991431e-12
2	Spinal_hemiplegia	5.366312582991431e-12
2	Benedikt_syndrome	5.366312582991431e-12
2	Cerebral_hemiplegia	5.366312582991431e-12
2	Alternating_hemiplegia	5.366312582991431e-12
2	Hemiplegic_cerebral_palsy	5.366312582991431e-12
2	Hypoglossal-pyramid_syndrome	5.366312582991431e-12
2	Obstetric_spinal_and_epidural_anesthesia-induced_headache	5.3658314559012785e-12
2	Hypsarrhythmia	5.311431901550569e-12
2	Myoclonic_epilepsy,_juvenile,_susceptibility_to,_1	5.311431901550569e-12
2	Achromatopsia	5.259135128746236e-12
2	Oral-pharyngeal_dysphagia	5.229880105370892e-12
2	Rhabdomyoma	5.211018870917491e-12
2	Decreased_platelet_glycoprotein_IIb-IIIa	5.169951034344927e-12
2	Hermansky-Pudlak_syndrome_7	5.169951034344927e-12
2	Muscle,_ligament_and_fascia_disorders	5.069732498955213e-12
2	Meckel_syndrome,_type_10	5.060139292859206e-12
2	Loeys-Dietz_syndrome_2	5.060139292859206e-12
2	Postaxial_polydactyly_type_A	5.060139292859206e-12
2	Postaxial_polydactyly	5.060139292859206e-12
2	Polydactyly,_postaxial,_type_A1	5.060139292859206e-12
2	Cone-rod_dystrophy_16	5.060139292859206e-12
2	Laurin-Sandrow_syndrome	5.060139292859206e-12
2	Crossed_polydactyly,_type_I	5.060139292859206e-12
2	MEGF8-related_Carpenter_syndrome	5.060139292859206e-12
2	Histiocytoma	5.057438392357243e-12
2	Spastic_paraplegia	4.946581231162094e-12
2	Macular_hole	4.8457306058302345e-12
2	Disorder_of_oral_soft_tissues	4.795736962831759e-12
2	Spastic_dysarthria	4.768619243307069e-12
2	Posterior_vitreous_detachment	4.72095943318001e-12
2	Persistent_hyperplastic_primary_vitreous	4.72095943318001e-12
2	Autosomal_dominant_nonsyndromic_hearing_loss_5	4.689599352453544e-12
2	X-linked_chondrodysplasia_punctata_1	4.6750828122330734e-12
2	Thyroid_hormone_resistance,_generalized,_autosomal_recessive	4.6750828122330734e-12
2	Entrapment_neuropathy	4.62201041020247e-12
2	Charcot-Marie-Tooth_disease_type_2R	4.62201041020247e-12
2	Neuropathy,_hereditary_sensory_and_autonomic,_type_1A	4.62201041020247e-12
2	Motor_polyneuropathy	4.62201041020247e-12
2	Mononeuropathy	4.62201041020247e-12
2	Motor_nerve_neuritis	4.62201041020247e-12
2	Guillain-Barre_syndrome,_familial	4.62201041020247e-12
2	Polyneuropathy	4.62201041020247e-12
2	Epidermodysplasia_verruciformis,_susceptibility_to,_1	4.594852763476275e-12
2	Myopathy,_congenital,_with_excess_of_muscle_spindles	4.594852763476275e-12
2	Verrucae	4.594852763476275e-12
2	Disorder_of_skin_of_head	4.565079705047789e-12
2	Patent_ductus_venosus	4.55434571972041e-12
2	Atypical_nevus	4.372897089842427e-12
2	Large_congenital_melanocytic_nevus	4.372897089842427e-12
2	Nevus_flammeus	4.372897089842427e-12
2	Nevus_of_Ota	4.372897089842427e-12
2	Juvenile_osteochondrosis_of_spine	4.335359787862931e-12
2	Macrodactyly_of_the_foot	4.307052733583243e-12
2	Trigeminal_autonomic_cephalalgia	4.279365606965659e-12
2	Sclerocornea	4.241199542895819e-12
2	Spondylocostal_dysostosis_4,_autosomal_recessive	4.200930457722727e-12
2	Dyskeratosis_congenita,_autosomal_recessive_3	4.187756353338528e-12
2	Neuropathy,_hereditary_sensory,_type_1D	4.187756353338528e-12
2	Knuckle_pads,_deafness_AND_leukonychia_syndrome	4.187756353338528e-12
2	Axenfeld-Rieger_syndrome_type_1	4.187756353338528e-12
2	Dyskeratosis_congenita,_autosomal_dominant_1	4.187756353338528e-12
2	Adams-Oliver_syndrome_4	4.187756353338528e-12
2	Onycholysis	4.187756353338528e-12
2	Ingrown_nail	4.187756353338528e-12
2	Johanson-Blizzard_syndrome	4.1760178709505694e-12
2	AERODIGESTIVE_TRACT_CANCER,_SUSCEPTIBILITY_TO	4.17419271530516e-12
2	Townes-Brocks_syndrome_1	4.1610116832569605e-12
2	Urethral_obstruction	4.1593979387688234e-12
2	Koolen-de_Vries_syndrome	4.1593979387688234e-12
2	Muscular_dystrophy-dystroglycanopathy_(congenital_with_brain_and_eye_anomalies),_type_a,_10	4.132379196731132e-12
2	Macrocephaly/megalencephaly_syndrome,_autosomal_recessive	4.132379196731132e-12
2	ESCC,_SUSCEPTIBILITY_TO	4.132379196731132e-12
2	Radial_aplasia-thrombocytopenia_syndrome	4.132379196731132e-12
2	Periodontitis,_aggressive_1	4.132379196731132e-12
2	GASTRIC_CARDIA_ADENOCARCINOMA,_SUSCEPTIBILITY_TO	4.132379196731132e-12
2	Cone-rod_dystrophy_7	4.132379196731132e-12
2	Anophthalmia/microphthalmia-esophageal_atresia_syndrome	4.132379196731132e-12
2	Normokalemic_periodic_paralysis,_potassium-sensitive	4.132379196731132e-12
2	Cystinosis,_atypical_nephropathic	4.132379196731132e-12
2	Simpson-Golabi-Behmel_syndrome_type_1	4.132379196731132e-12
2	Townes-Brocks-branchiootorenal-like_syndrome	4.132379196731132e-12
2	Muscular_dystrophy-dystroglycanopathy_(congenital_with_brain_and_eye_anomalies),_type_a,_8	4.0953866872111416e-12
2	Migraine_with_ischemic_complication	4.084141172077107e-12
2	46,XX_sex_reversal_1	4.037621165704223e-12
2	Focal_dystonia	3.989504856876075e-12
2	Familial_Mediterranean_fever,_autosomal_dominant	3.954082510127061e-12
2	Migraine_with_brainstem_aura	3.936697738476968e-12
2	Spastic_paraparesis	3.825244645842782e-12
2	Brain_aneurysm	3.825028838484188e-12
2	Cerebral_arterial_aneurysm	3.825028838484188e-12
2	Senior-Loken_syndrome_7	3.814822081796328e-12
2	Disorder_of_face	3.732199298942489e-12
2	Pseudobulbar_paralysis	3.673639882666324e-12
2	Palmoplantar_pustulosis	3.6039035718479694e-12
2	Premature_closure_of_fontanelles	3.5023769015812883e-12
2	Slipped_femoral_capital_epiphyses	3.3991657063379365e-12
2	Distal_renal_tubular_acidosis	3.3926045578305934e-12
2	Lactic_acidosis	3.3926045578305934e-12
2	Proximal_renal_tubular_acidosis	3.3926045578305934e-12
2	Metabolic_acidosis	3.3926045578305934e-12
2	Deficiency_of_acetyl-CoA_acetyltransferase	3.3926045578305934e-12
2	Respiratory_acidosis	3.3926045578305934e-12
2	Renal_Fanconi_syndrome	3.3926045578305934e-12
2	Malignant_hyperthermia,_susceptibility_to,_1	3.3926045578305934e-12
2	Pyruvate_dehydrogenase_E1-beta_deficiency	3.3926045578305934e-12
2	Lactic_acidemia	3.3926045578305934e-12
2	Metabolic_ketoacidosis	3.3926045578305934e-12
2	Disorder_of_basal_ganglia	3.377843244820585e-12
2	Cancer_of_the_Nose	3.3658829609937743e-12
2	Neoplasm_of_the_nose	3.3658829609937743e-12
2	MASTOCYTOSIS,_INDOLENT	3.3445528270085023e-12
2	Charcot-Marie-Tooth_disease_dominant_intermediate_B	3.312696822326645e-12
2	Charcot-Marie-Tooth_disease,_dominant_intermediate_B,_with_neutropenia	3.312696822326645e-12
2	Retinal_atrophy	3.312696822326645e-12
2	Papillary_renal_cell_carcinoma	3.2798465142369274e-12
2	Disorder_of_thigh	3.243262319820318e-12
2	Lumbosacral_plexus_neuropathy	3.243262319820318e-12
2	Disorder_of_thorax	3.243262319820318e-12
2	Disorder_of_pelvis	3.243262319820318e-12
2	Femoral_neuropathy	3.243262319820318e-12
2	Disorder_of_back	3.243262319820318e-12
2	Disorder_of_abdominal_wall	3.243262319820318e-12
2	Cementoma	3.1260358193490146e-12
2	Snowflake_vitreoretinal_degeneration	3.1102969067358222e-12
2	Postmenopausal_flushing	3.036949417050397e-12
2	Drug-induced_flushing	3.036949417050397e-12
2	Lower_half_migraine	3.0289186976355354e-12
2	Adult_myxedema	2.9907443906845536e-12
2	Retinal_edema	2.9791785793652565e-12
2	Cystoid_macular_edema	2.9791785793652565e-12
2	Lymphedema_of_lower_extremity	2.9791785793652565e-12
2	Mouth_disorder	2.9791785793652565e-12
2	Myxedematous_form_of_cretinism	2.9701244597279223e-12
2	Neonatal_disorder	2.957086848827795e-12
2	Pretibial_myxedema	2.957086848827795e-12
2	Remitting_seronegative_symmetrical_synovitis_with_pitting_edema	2.957086848827795e-12
2	Lymphedema_of_penis	2.957086848827795e-12
2	Disorder_of_uvula_of_palate	2.957086848827795e-12
2	Lymphedema	2.957086848827795e-12
2	Congenital_disorder_of_glycosylation,_type_Ibb	2.957086848827795e-12
2	Chemical-induced_pulmonary_edema	2.957086848827795e-12
2	Acute_pulmonary_edema	2.957086848827795e-12
2	Disorder_characterized_by_edema	2.957086848827795e-12
2	Penile_venereal_edema	2.957086848827795e-12
2	Disorder_of_body_cavity	2.957086848827795e-12
2	Oxygen-induced_pulmonary_edema	2.957086848827795e-12
2	Acute_cardiac_pulmonary_edema	2.957086848827795e-12
2	Acute_edema_blisters	2.957086848827795e-12
2	Acute_edema_-_cutaneous_distension_syndrome	2.957086848827795e-12
2	Juvenile_myxedema	2.957086848827795e-12
2	Eczema_craquelé_due_to_acute_edema	2.957086848827795e-12
2	Myxedema_heart_disease	2.957086848827795e-12
2	Silo_filler_disease	2.957086848827795e-12
2	Toxic_pulmonary_edema	2.957086848827795e-12
2	Edema_of_nasopharynx	2.957086848827795e-12
2	Drug-induced_acute_pulmonary_edema	2.957086848827795e-12
2	Myxedema	2.957086848827795e-12
2	Lymphedema_of_lip	2.957086848827795e-12
2	Vascular_myelopathy	2.957086848827795e-12
2	Macular_edema	2.9205055211141033e-12
2	Abnormality_of_the_kidney	2.8618517236895175e-12
2	Pyuria	2.8618517236895175e-12
2	Anasarca	2.855765505216643e-12
2	Disorder_of_lower_limb	2.8175466537041628e-12
2	static_ataxia	2.8165319382280444e-12
2	Hereditary_episodic_ataxia	2.8165319382280444e-12
2	Spastic_gait	2.8066041445890305e-12
2	Cholangiocarcinoma	2.799215527120759e-12
2	LEUKEMIA,_MEGAKARYOBLASTIC,_OF_DOWN_SYNDROME,_SOMATIC	2.7699992792715216e-12
2	Anetoderma	2.76217482863539e-12
2	Supranuclear_palsy,_progressive,_1	2.7097237027994203e-12
2	Microcephaly_6,_primary,_autosomal_recessive	2.7097237027994203e-12
2	Vocal_cord_paralysis	2.6929352235313995e-12
2	Fourth_cranial_nerve_palsy	2.6929352235313995e-12
2	Respiratory_paralysis	2.6929352235313995e-12
2	Abducens_nerve_disorder	2.6929352235313995e-12
2	Hypokalemic_periodic_paralysis,_type_1	2.6929352235313995e-12
2	Weakness_of_vocal_cord	2.6929352235313995e-12
2	Other_Specified_Paralytic_Syndromes	2.6929352235313995e-12
2	Bilateral_vocal_cord_paresis	2.6929352235313995e-12
2	Unilateral_vocal_cord_paresis	2.6929352235313995e-12
2	Unilateral_vocal_cord_paralysis	2.6929352235313995e-12
2	Vocal_cord_paresis	2.6929352235313995e-12
2	Vocal_cord_paralysis_(caused_by_tumor_impingement)	2.6929352235313995e-12
2	Charcot-Marie-Tooth_disease_type_1E	2.687370222041395e-12
2	SLC35A1-congenital_disorder_of_glycosylation	2.687370222041395e-12
2	Protoporphyria,_erythropoietic,_1	2.687370222041395e-12
2	Autosomal_recessive_limb-girdle_muscular_dystrophy_type_2J	2.687370222041395e-12
2	Charcot-Marie-Tooth_disease_recessive_intermediate_A	2.687370222041395e-12
2	Emery-Dreifuss_muscular_dystrophy_4,_autosomal_dominant	2.687370222041395e-12
2	Charcot-Marie-Tooth_disease_X-linked_recessive_5	2.687370222041395e-12
2	Brooke-Spiegler_syndrome	2.687370222041395e-12
2	Generalized_epilepsy_with_febrile_seizures_plus,_type_2	2.687370222041395e-12
2	UV-sensitive_syndrome_2	2.687370222041395e-12
2	Cone-rod_dystrophy_6	2.687370222041395e-12
2	Mucopolysaccharidosis,_MPS-III-B	2.687370222041395e-12
2	UV-sensitive_syndrome_3	2.687370222041395e-12
2	Febrile_seizures,_familial,_3a	2.687370222041395e-12
2	Autism,_susceptibility_to,_X-linked_3	2.687370222041395e-12
2	Autism,_susceptibility_to,_X-linked_1	2.687370222041395e-12
2	Cerebral_Amyloid_Angiopathy,_Gsn-Related	2.687370222041395e-12
2	Nephrotic_syndrome,_type_4	2.687370222041395e-12
2	Autism,_susceptibility_to,_X-linked_2	2.687370222041395e-12
2	Hydrocephalus,_nonsyndromic,_autosomal_recessive_1	2.687370222041395e-12
2	Nephrotic_syndrome,_type_3	2.687370222041395e-12
2	X-linked_intellectual_disability	2.687370222041395e-12
2	Talipes_calcaneovarus	2.6634745081646684e-12
2	Talipes_calcaneovalgus	2.6634745081646684e-12
2	Talipes_equinovalgus	2.6634745081646684e-12
2	Stellate_pseudoscar_in_senile_purpura	2.643527024338894e-12
2	Stellate_pseudoscar_due_to_corticosteroid	2.643527024338894e-12
2	Ectodermal_dysplasia	2.643527024338894e-12
2	Dermal_atrophy	2.643527024338894e-12
2	Cutis_laxa,_autosomal_dominant_1	2.643527024338894e-12
2	Cutaneous_photosensitivity	2.643527024338894e-12
2	Oculomotor_nerve_palsy	2.6057074250183724e-12
2	Complete_congenital_stationary_night_blindness	2.5427691170227465e-12
2	Oguchi_disease	2.5427691170227465e-12
2	Cone-rod_dystrophy_19	2.5427691170227465e-12
2	Cone-rod_dystrophy_9	2.5427691170227465e-12
2	Congenital_stationary_night_blindness	2.5427691170227465e-12
2	Localized_vascularization_of_cornea	2.4046995206499405e-12
2	Abnormality_of_the_anterior_pituitary	2.4046995206499405e-12
2	Cerebellar_ataxia_associated_with_another_disorder	2.298107554977243e-12
2	Cerebellar_disorder	2.298107554977243e-12
2	Spastic_ataxia	2.298107554977243e-12
2	Late_onset_cerebellar_ataxia	2.298107554977243e-12
2	Nothnagel_syndrome	2.298107554977243e-12
2	Sanger-Brown_cerebellar_ataxia	2.298107554977243e-12
2	Dyssynergia	2.298107554977243e-12
2	Truncal_ataxia	2.298107554977243e-12
2	Acute_cerebellar_ataxia_due_to_varicella	2.298107554977243e-12
2	Abortive_cerebellar_ataxia	2.298107554977243e-12
2	Dysmetria	2.298107554977243e-12
2	Early_onset_cerebellar_ataxia	2.298107554977243e-12
2	Congenital_non-progressive_ataxia	2.298107554977243e-12
2	Limb_ataxia	2.298107554977243e-12
2	Paraparesis	2.272678750100728e-12
2	Meckel_syndrome,_type_4	2.2590352935704533e-12
2	Joubert_syndrome_13	2.2590352935704533e-12
2	Meckel-Like_Cerebrorenodigital_Syndrome	2.2590352935704533e-12
2	Aprosencephaly	2.2590352935704533e-12
2	Cerebellar_hypoplasia	2.2590352935704533e-12
2	Familial_aplasia_of_the_vermis	2.2590352935704533e-12
2	Absence_of_the_sacrum	2.2590352935704533e-12
2	Early_onset_cerebellar_ataxia_with_myoclonus	2.2511982182161243e-12
2	Late-infantile_neuronal_ceroid_lipofuscinosis	2.075746050661843e-12
2	Acquired_choreiform_dyspraxia	2.0225365631090037e-12
2	Phonological_dysgraphia	2.0225365631090037e-12
2	Velar_dyspraxia	2.0225365631090037e-12
2	Surface_dysgraphia	2.0225365631090037e-12
2	Hyposmolality	2.0225365631090037e-12
2	Deep_dysgraphia	2.0225365631090037e-12
2	Clumsy_child	2.0225365631090037e-12
2	Anhidrotic_ectodermal_dysplasia	1.942270241063257e-12
2	Paraplegia	1.8260595691297332e-12
2	Leukoencephalopathy	1.8111624128210118e-12
2	Encephalomalacia	1.8111624128210118e-12
2	Schizencephaly	1.8111624128210118e-12
2	Vein_of_Galen_aneurysmal_malformation	1.8111624128210118e-12
2	Schilder_disease	1.8111624128210118e-12
2	Porencephaly	1.8111624128210118e-12
2	Cerebral_venous_angioma	1.8111624128210118e-12
2	Nikolsky_sign	1.8111624128210118e-12
2	Olivopontocerebellar_atrophy	1.8111624128210118e-12
2	Colpocephaly	1.8111624128210118e-12
2	Acantholysis	1.8111624128210118e-12
2	Megalencephaly	1.8111624128210118e-12
2	Abnormal_cerebral_white_matter_morphology	1.8111624128210118e-12
2	Cortical_dysplasia	1.8111624128210118e-12
2	Gait_ataxia	1.795318314870805e-12
2	Vitiligo_of_pinta	1.7883933050954446e-12
2	Achromic_skin_lesions_of_pinta	1.7883933050954446e-12
2	Hydrocephalus	1.7604398354692116e-12
2	Sebaceous_gland_carcinoma	1.7265445997894814e-12
2	Orofacial_dyskinesia	1.6779497760364046e-12
2	Tardive_dyskinesia	1.6779497760364046e-12
2	Dysfunction_of_sphincter_of_Oddi	1.6779497760364046e-12
2	Sphincter_of_Oddi_dyskinesia	1.6779497760364046e-12
2	Gallbladder_dyskinesia	1.6779497760364046e-12
2	Dowling-Degos_disease_1	1.6195501348216453e-12
2	Macrodactyly_of_fingers	1.5496988136831347e-12
2	Scapuloperoneal_myopathy	1.542443573236053e-12
2	Congenital_muscular_torticollis	1.542443573236053e-12
2	Coxa_valga	1.4998010479504493e-12
2	Glossitis	1.4998010479504493e-12
2	Furrowed_tongue	1.4998010479504493e-12
2	Glossoptosis	1.4998010479504493e-12
2	Thumb_deformity	1.4998010479504493e-12
2	Cystic_hygroma	1.4998010479504493e-12
2	Reduced_factor_VII_activity	1.4416728937988203e-12
2	High_molecular_weight_kininogen_deficiency	1.4416728937988203e-12
2	Tongue_fasciculations	1.4340592670611192e-12
2	Mild_non-PKU_hyperphenylalanemia	1.4170011620714449e-12
2	Familial_parathyroid_adenoma	1.4081679045856745e-12
2	Hyperparathyroidism_1	1.4081679045856745e-12
2	Hyperparathyroidism_2_with_jaw_tumors	1.4081679045856745e-12
2	Parathyroid_Adenomatosis_Familial_Cystic	1.4081679045856745e-12
2	CARDIOMYOPATHY,_FAMILIAL_HYPERTROPHIC,_23,_WITH_OR_WITHOUT_VENTRICULAR_NONCOMPACTION	1.3759438550236917e-12
2	Cardiomyopathy,_familial_restrictive,_3	1.3759438550236917e-12
2	Ambiguous_genitalia	1.3748016092514338e-12
2	Gonadal_dysgenesis	1.3748016092514338e-12
2	Mixed_gonadal_dysgenesis	1.3748016092514338e-12
2	Pure_gonadal_dysgenesis	1.3748016092514338e-12
2	Ehlers-Danlos_syndrome,_classic_type,_1	1.3316895707085457e-12
2	Intellectual_disability,_autosomal_dominant_9	1.3316895707085457e-12
2	Intellectual_disability,_autosomal_recessive_5	1.3316895707085457e-12
2	Non-epileptic_myoclonus	1.3189355688152498e-12
2	Hyoid_myoclonus	1.3189355688152498e-12
2	Myoclonus_of_tensor_tympani_muscle	1.3189355688152498e-12
2	Opsoclonus-myoclonus_syndrome	1.3189355688152498e-12
2	Juvenile_cerebellar_degeneration_AND_myoclonus	1.3189355688152498e-12
2	Myoclonus_associated_with_fever	1.3189355688152498e-12
2	Myoclonic_dystonia_11	1.3189355688152498e-12
2	Paramyoclonus_multiplex	1.3189355688152498e-12
2	Symptomatic_myoclonus	1.3189355688152498e-12
2	Palatal-tympanic_myoclonus	1.3189355688152498e-12
2	Benign_neonatal_sleep_myoclonus	1.3189355688152498e-12
2	Stapedial_myoclonus	1.3189355688152498e-12
2	Dysphonia_of_palatopharyngolaryngeal_myoclonus	1.3189355688152498e-12
2	Post-anoxic_myoclonus	1.3189355688152498e-12
2	Early_myoclonic_encephalopathy	1.3189355688152498e-12
2	Familial_essential_myoclonus	1.3189355688152498e-12
2	Segmental_cord_myoclonus	1.3189355688152498e-12
2	Sialidosis	1.3189355688152498e-12
2	Vertical_myoclonus	1.3189355688152498e-12
2	Acroosteolysis	1.317037081540993e-12
2	Impulsivity	1.3121712909358891e-12
2	Eichsfeld_type_congenital_muscular_dystrophy	1.2683707996834253e-12
2	Neonatal_hypotonia	1.2464098775732138e-12
2	Skin_pigmentation_disorder	1.2378177495104193e-12
2	RETINITIS_PIGMENTOSA,_JUVENILE,_LRAT-RELATED	1.1761797524610037e-12
2	RETINAL_DYSTROPHY,_EARLY-ONSET_SEVERE,_LRAT-RELATED	1.1761797524610037e-12
2	Oguchi_disease-2	1.1761797524610037e-12
2	Sciatic_neuropathy	1.1259643106572212e-12
2	Pigmented_nodular_adrenocortical_disease,_primary,_1	1.112003583327047e-12
2	Coenzyme_Q10_deficiency,_primary,_1	1.112003583327047e-12
2	Pigmented_nodular_adrenocortical_disease,_primary,_2	1.112003583327047e-12
2	Autosomal_recessive_limb-girdle_muscular_dystrophy_type_2T	1.112003583327047e-12
2	Seizures,_benign_familial_neonatal,_1,_and/or_myokymia	1.112003583327047e-12
2	Seizures,_benign_familial_neonatal,_1	1.112003583327047e-12
2	Hypokalemic_periodic_paralysis,_type_2	1.112003583327047e-12
2	Epilepsy,_Benign_Neonatal,_1,_And-Or_Myokymia	1.112003583327047e-12
2	Macroglossia	1.0650429491941033e-12
2	Chronic_hypercapnic_respiratory_failure	1.0407508381848598e-12
2	Disorder_of_acid-base_balance	1.0407508381848598e-12
2	Chronic_hypercapnia	1.0407508381848598e-12
2	Hypercapnia_with_mixed_acid-base_disorder	1.0407508381848598e-12
2	Hydatidiform_mole,_recurrent,_2	1.015909907386192e-12
2	Amyotrophic_lateral_sclerosis,_susceptibility_to,_13	1.015909907386192e-12
2	Dowling-Degos_disease_2	1.015909907386192e-12
2	Non-Mendelian_inheritance	1.015909907386192e-12
2	Dowling-Degos_disease_4	1.015909907386192e-12
2	Blepharospasm,_benign_essential,_susceptibility_to	1.015909907386192e-12
2	Coloboma_of_macula	9.822139859465716e-13
2	Chromosome_5q14.3_deletion_syndrome,_proximal	9.086071251952909e-13
2	Mitochondrial_encephalopathy	9.086071251952909e-13
2	Developmental_and_epileptic_encephalopathy,_5	9.086071251952909e-13
2	Developmental_and_epileptic_encephalopathy,_3	9.086071251952909e-13
2	Developmental_and_epileptic_encephalopathy,_13	9.086071251952909e-13
2	Developmental_and_epileptic_encephalopathy,_12	9.086071251952909e-13
2	Developmental_and_epileptic_encephalopathy,_11	9.086071251952909e-13
2	Intellectual_disability,_autosomal_dominant_5	9.086071251952909e-13
2	Intellectual_disability,_autosomal_dominant_20	9.086071251952909e-13
2	Developmental_and_epileptic_encephalopathy,_7	9.086071251952909e-13
2	Developmental_and_epileptic_encephalopathy,_8	9.086071251952909e-13
2	Developmental_and_epileptic_encephalopathy,_1	9.086071251952909e-13
2	Developmental_and_epileptic_encephalopathy,_4	9.086071251952909e-13
2	Developmental_and_epileptic_encephalopathy,_16	9.086071251952909e-13
2	Developmental_and_epileptic_encephalopathy,_17	9.086071251952909e-13
2	Developmental_and_epileptic_encephalopathy,_15	9.086071251952909e-13
2	Developmental_and_epileptic_encephalopathy,_2	9.086071251952909e-13
2	Developmental_and_epileptic_encephalopathy,_18	9.086071251952909e-13
2	Developmental_and_epileptic_encephalopathy,_14	9.086071251952909e-13
2	Microcephaly,_seizures,_and_developmental_delay	9.086071251952909e-13
2	Reduced_dihydropyrimidine_dehydrogenase_level	8.957570797538457e-13
2	Reduced_xanthine_dehydrogenase_level	8.957570797538457e-13
2	5-Oxoprolinase_deficiency	8.957570797538457e-13
2	Sulfite_oxidase_deficiency	8.957570797538457e-13
2	Reduced_phenylalanine_hydroxylase_level	8.957570797538457e-13
2	Platelet-activating_factor_acetylhydrolase_deficiency	8.957570797538457e-13
2	Glutathione_synthetase_deficiency_with_5-oxoprolinuria	8.957570797538457e-13
2	Mitochondrial_trifunctional_protein_deficiency	8.957570797538457e-13
2	Combined_molybdoflavoprotein_enzyme_deficiency	8.957570797538457e-13
2	Klippel-Feil_syndrome_3,_autosomal_dominant	8.788095056436708e-13
2	Exacerbation_of_backache	8.141045541831278e-13
2	Verbal_dyspraxia	7.991133956877502e-13
2	Macrogyria	7.763393127362721e-13
2	Cobblestone_lissencephaly	7.763393127362721e-13
2	Semi-starvation	7.602062816196178e-13
2	Nutrition_deficiency_due_to_insufficient_food	7.602062816196178e-13
2	Anemia_due_to_starvation	7.602062816196178e-13
2	Starvation_ketoacidosis	7.602062816196178e-13
2	Spastic_syndrome	7.550667410175075e-13
2	Abductor_spastic_dysphonia	7.550667410175075e-13
2	Mixed_flaccid-spastic_pseudobulbar_dysphonia	7.550667410175075e-13
2	Adductor_spastic_dysphonia	7.550667410175075e-13
2	Labyrinthine_disorder	6.684632806800247e-13
2	Cerebellar_vertigo	6.684632806800247e-13
2	Paroxysmal_vertigo	6.684632806800247e-13
2	Central_nervous_system_origin_vertigo	6.684632806800247e-13
2	Cortical_vertigo	6.684632806800247e-13
2	Migrainous_vertigo	6.684632806800247e-13
2	Central_positional_vertigo	6.684632806800247e-13
2	Vertigo_as_late_effect_of_stroke	6.684632806800247e-13
2	Beta-D-mannosidosis	6.620910968216928e-13
2	Cranial_nerve_paralysis	6.559747174212454e-13
2	Hemolytic_uremic_syndrome,_atypical,_susceptibility_to,_1	6.544366718297959e-13
2	Multiple_system_atrophy_1,_susceptibility_to	6.543634219600917e-13
2	Sandhoff_disease,_adult_form	6.524103371346598e-13
2	Nonorganic_insomnia	6.505166097807585e-13
2	Persistent_insomnia	6.505166097807585e-13
2	Primary_insomnia	6.505166097807585e-13
2	Sleep_disorder,_initiating_and_maintaining_sleep	6.505166097807585e-13
2	UDPglucose-4-epimerase_deficiency	6.501276380187549e-13
2	Laron-type_isolated_somatotropin_defect	6.488537744418241e-13
2	Dengue_hemorrhagic_fever,_susceptibility_to	6.487807232115254e-13
2	DPAGT1-congenital_disorder_of_glycosylation	6.482285228779462e-13
2	Dengue_virus,_susceptibility_to	6.472076204296431e-13
2	Alzheimer_disease,_familial,_3,_with_spastic_paraparesis_and_apraxia	6.470600555070617e-13
2	X-linked_intellectual_disability-psychosis-macroorchidism_syndrome	6.463502026341778e-13
2	Homocystinuria,_cblD_type,_variant_1	6.462275098079379e-13
2	Sandhoff_disease,_juvenile_form	6.447115363626553e-13
2	Dyskeratosis_congenita,_X-linked	6.447079537955316e-13
2	Dengue_shock_syndrome,_susceptibility_to	6.443959474335474e-13
2	Bamforth-Lazarus_syndrome	6.427879207531562e-13
2	Hereditary_orotic_aciduria,_type_1	6.419814387554936e-13
2	Saethre-Chotzen_syndrome_with_eyelid_anomalies	6.402967804627758e-13
2	Bowen-Conradi_syndrome	6.401217422246124e-13
2	X-linked_hydrocephalus_syndrome	6.398602319550506e-13
2	Recurrent_vestibulopathy	6.398312719553766e-13
2	Ocular_vertigo	6.398312719553766e-13
2	ALG1-congenital_disorder_of_glycosylation	6.390960733094318e-13
2	Vertiginous_syndrome	6.381278044683851e-13
2	X-linked_ichthyosis_with_steryl-sulfatase_deficiency	6.371104197415141e-13
2	Acyl-CoA_oxidase_deficiency	6.367186586691233e-13
2	Marshall-Smith_syndrome	6.345450431059488e-13
2	Ichthyosis,_X-Linked,_Complicated	6.343702841223537e-13
2	Vitamin_B12-responsive_methylmalonic_acidemia,_type_cblDv2	6.332354879188606e-13
2	TWIST1-related_craniosynostosis	6.327479849749172e-13
2	ALG6-congenital_disorder_of_glycosylation_1C	6.326290603623557e-13
2	Sandhoff_disease,_infantile_form	6.283707579502068e-13
2	X-linked_sideroblastic_anemia_with_ataxia	6.261044657083368e-13
2	Neoplasm_of_the_pharynx	6.225945041855726e-13
2	Ellis-van_Creveld_syndrome	6.221953386436638e-13
2	X-linked_lissencephaly_with_abnormal_genitalia	6.205100438989961e-13
2	Altered_behavior	6.193732714284157e-13
2	Borjeson-Forssman-Lehmann_syndrome	6.183643282086884e-13
2	Shiga_toxin-associated_hemolytic_uremic_syndrome	6.183058286206758e-13
2	Microcephaly_1,_primary,_autosomal_recessive	6.171754363026185e-13
2	Shprintzen-Goldberg_syndrome	6.163540360269962e-13
2	Subcortical_Band_Heterotopia,_X-Linked	6.133992831883735e-13
2	Parasitic_skin_disease	6.103503572305112e-13
2	Malaria	6.103503572305112e-13
2	ALG12-congenital_disorder_of_glycosylation	6.09378652692769e-13
2	MPDU1-congenital_disorder_of_glycosylation	6.079970029734622e-13
2	Mucopolysaccharidosis,_MPS-II	6.056114977819461e-13
2	Saethre-Chotzen_syndrome	6.052933981796046e-13
2	Dengue_fever,_protection_against	6.037488052931573e-13
2	ALG2-congenital_disorder_of_glycosylation	6.031999089849984e-13
2	Intellectual_disability	5.992323603341899e-13
2	Cognitive_impairment	5.963911062842466e-13
2	Hoyeraal-Hreidarsson_syndrome	5.96355405662379e-13
2	ALDH18A1-related_de_Barsy_syndrome	5.92891731658681e-13
2	Acromesomelic_dysplasia_2C,_Hunter-Thompson_type	5.916399074066202e-13
2	X-linked_intellectual_disability-cerebellar_hypoplasia_syndrome	5.766315355936127e-13
2	Subcortical_laminar_heterotopia,_X-linked	5.717956708697507e-13
2	Atypical_behavior	5.715505007769159e-13
2	HYPERLYSINEMIA,_TYPE_I	5.689646077997668e-13
2	TCF12-related_craniosynostosis	5.601343661537749e-13
2	Disorder_of_scalp	5.582496633879008e-13
2	Isovaleryl-CoA_dehydrogenase_deficiency	5.573097029452507e-13
2	Charcot-Marie-Tooth_disease_X-linked_recessive_4	5.565495432906718e-13
2	Congenital_muscular_dystrophy_due_to_integrin_alpha-7_deficiency	5.491152411966796e-13
2	GROWTH_RETARDATION,_PRENATAL,_WITH_PROGRESSIVE_PANCYTOPENIA_AND_CEREBELLAR_HYPOPLASIA	5.405218402363803e-13
2	Mental_Retardation	5.358335031762688e-13
2	L-2-hydroxyglutaric_aciduria	5.278228133789119e-13
2	Congenital_elevation_of_scapula	5.275250820406583e-13
2	Alzheimer_disease,_familial,_3,_with_spastic_paraparesis_and_unusual_plaques	5.27429504222122e-13
2	X-linked_intellectual_disability,_Cantagrel_type	5.235970983575752e-13
2	Deficiency_of_alpha-mannosidase	5.194557966521168e-13
2	Glycogen_storage_disease,_type_II	5.182337532950786e-13
2	MGAT2-congenital_disorder_of_glycosylation	5.139764678957994e-13
2	Low_intelligence	4.97555114193832e-13
2	Paralytic_syndrome	4.851250544661297e-13
2	Chronic_nervous_system_disorder	4.851250544661297e-13
2	Pseudopapilledema	4.678344228885551e-13
2	Optic_disc_drusen	4.678344228885551e-13
2	Optic_atrophy	4.678344228885551e-13
2	Chrysoderma	4.667521837670339e-13
2	Drug-induced_melasma	4.667521837670339e-13
2	Chlorpromazine_pigmentation	4.667521837670339e-13
2	Drug-induced_pigmentation	4.667521837670339e-13
2	Non-melanin_pigmentation_due_to_drug	4.667521837670339e-13
2	Reproductive_system_disorder	4.654714373635579e-13
2	Partial_sight_-_both_eyes	4.628033387458131e-13
2	Impairment_level_of_both_eyes	4.628033387458131e-13
2	Cholestasis_of_pregnancy	4.626363639242251e-13
2	Gait_apraxia	4.5257821828783647e-13
2	Corneal_deposit	4.3877199733284194e-13
2	Accumulation_of_bile_in_abdominal_cavity	4.2820687168036205e-13
2	Disorder_of_peritoneum	4.2820687168036205e-13
2	Disorder_of_soft_tissue_of_trunk	4.236855560724426e-13
2	Disorder_of_skin_of_trunk	4.236855560724426e-13
2	Speech_apraxia	4.072218070250263e-13
2	Disorder_of_nervous_system	4.005379670473334e-13
2	Abdominal_migraine	3.9819195694819563e-13
2	Glycogen_storage_disease,_type_V	3.7207469917951366e-13
2	Musculoskeletal_and_connective_tissue_disorder	3.7207469917951366e-13
2	Diaphragmatic_eventration	3.691133636242854e-13
2	Microphthalmia,_isolated,_with_coloboma_8	3.691133636242854e-13
2	Matthew-Wood_syndrome	3.691133636242854e-13
2	Leukoplakia_of_penis	3.6386993031298355e-13
2	Skeletal_myopathy	3.568229972891247e-13
2	Disorder_of_neonatal_umbilicus	3.5669016795141873e-13
2	Skin_disorder_of_umbilicus	3.5669016795141873e-13
2	Umbilical_granuloma	3.5669016795141873e-13
2	Acute_lymphangitis_of_umbilicus	3.5669016795141873e-13
2	Omphalitis	3.5669016795141873e-13
2	Abscess_of_umbilicus	3.5669016795141873e-13
2	Umbilical_cord_complication	3.5669016795141873e-13
2	Cellulitis_of_umbilicus	3.5669016795141873e-13
2	Granulomatous_disease,_chronic,_autosomal_recessive,_cytochrome_b-negative	3.551610438937527e-13
2	Granulomatous_disease,_chronic,_autosomal_recessive,_cytochrome_b-positive,_type_1	3.551610438937527e-13
2	Granulomatous_disease,_chronic,_autosomal_recessive,_cytochrome_b-positive,_type_2	3.551610438937527e-13
2	Cyanosis	3.551610438937527e-13
2	Granulomatous_disease,_chronic,_X-linked	3.551610438937527e-13
2	Scrotal_disorder	3.490798711223573e-13
2	Tyrosinase-negative_oculocutaneous_albinism	3.4622227275318405e-13
2	X-linked_sideroblastic_anemia_1	3.4622227275318405e-13
2	Sleep_disorder	3.2127428638507227e-13
2	Organic_sleep_disorder	3.2127428638507227e-13
2	Environmental_sleep_disorder	3.2127428638507227e-13
2	Wagner_syndrome	2.8024700412808506e-13
2	Spinocerebellar_ataxia,_autosomal_recessive,_with_axonal_neuropathy_1	2.423898821126838e-13
2	Spinal_muscular_atrophy	2.423898821126838e-13
2	Charcot-Marie-Tooth_disease_type_2B2	2.423898821126838e-13
2	Autosomal_recessive_limb-girdle_muscular_dystrophy_type_2F	2.423898821126838e-13
2	Neuronopathy,_distal_hereditary_motor,_type_5A	2.423898821126838e-13
2	Spinal_muscular_atrophy,_type_II	2.423898821126838e-13
2	Spinal_muscular_atrophy,_type_IV	2.423898821126838e-13
2	Charcot-Marie-Tooth_disease_dominant_intermediate_D	2.423898821126838e-13
2	Charcot-Marie-Tooth_disease_type_2D	2.423898821126838e-13
2	Charcot-Marie-Tooth_disease_type_1C	2.423898821126838e-13
2	Emery-Dreifuss_muscular_dystrophy_7,_autosomal_dominant	2.423898821126838e-13
2	Charcot-Marie-Tooth_disease_type_2I	2.423898821126838e-13
2	Charcot-Marie-Tooth_disease_dominant_intermediate_C	2.423898821126838e-13
2	Shuffling_gait	2.2422588021688485e-13
2	Muscular_dystrophy-dystroglycanopathy_type_B5	2.2422588021688485e-13
2	Steppage_gait	2.2422588021688485e-13
2	Waddling_gait	2.2422588021688485e-13
2	Difficulty_walking	2.2422588021688485e-13
2	Autosomal_recessive_limb-girdle_muscular_dystrophy_type_2I	2.2422588021688485e-13
2	Unsteady_gait	2.2422588021688485e-13
2	Parkinsonian-pyramidal_syndrome	2.2422588021688485e-13
2	Charcot-Marie-Tooth_disease_X-linked_dominant_1	2.2422588021688485e-13
2	Papilledema	2.1539340989049624e-13
2	Lytic_Bone_Lesion	2.0080233890165295e-13
2	Ophthalmoplegia	1.8956388657675276e-13
2	Epilepsy,_progressive_myoclonic,_2b	1.8275360197142622e-13
2	Disorder_of_female_genital_system	1.7372691757839908e-13
2	Isolated_blepharospasm	1.66260868420541e-13
2	Eyelid_disorder	1.66260868420541e-13
2	Reflex_blepharospasm	1.66260868420541e-13
2	Preretinal_fibrosis	1.5388899151022044e-13
2	Disorder_of_soft_tissue_of_body_cavity	1.29876740393071e-13
2	CSF_pleocytosis	1.219577713101947e-13
2	Prolonged_neonatal_jaundice	1.2007505184563084e-13
2	Acquired_hyperbilirubinemia	1.2007505184563084e-13
2	Perinatal_jaundice_due_to_hepatocellular_damage	1.2007505184563084e-13
2	Lucey-Driscoll_syndrome	1.2007505184563084e-13
2	Physiological_hyperbilirubinemia	1.2007505184563084e-13
2	Acute_cholestatic_jaundice_syndrome	1.2007505184563084e-13
2	Hyperbilirubinemia_-_conjugated_-_type_III	1.2007505184563084e-13
2	Neonatal_jaundice	1.2007505184563084e-13
2	Bilirubin_metabolism_disease	1.2007505184563084e-13
2	Chronic_cholestatic_jaundice_syndrome	1.2007505184563084e-13
2	Kugelberg-Welander_disease	1.154997530433837e-13
2	Disease_of_liver	9.788434438210122e-14
2	Bone_cyst	8.531150153891475e-14
2	Dysequilibrium_syndrome	7.79471466032272e-14
2	Neuropathy,_hereditary_sensory_and_autonomic,_type_2B	7.43561357645368e-14
2	Neuropathy,_hereditary_sensory,_type_1F	7.43561357645368e-14
2	Hajdu-Cheney_syndrome	7.43561357645368e-14
2	Melanin_pigmentation_of_eye	4.980979784973639e-14
2	Corneal_disorder	4.1939194265745046e-14
2	Drug-induced_corneal_epithlelial_deposit	4.1939194265745046e-14
2	Language-related_cognitive_disorder	3.72140526902289e-14
2	Motor_apraxia	3.72140526902289e-14
2	Amusia	3.72140526902289e-14
2	Aphasia-left_parietal_lobe_syndrome	3.72140526902289e-14
2	Inner_ear_disorder	3.250212121979904e-14
2	Epilepsy,_juvenile_absence,_susceptibility_to,_1	3.134175693220271e-14
2	EPILEPSY,_IDIOPATHIC_GENERALIZED,_SUSCEPTIBILITY_TO,_LOCUS_ON_CHROMOSOME_8	3.134175693220271e-14
2	Epilepsy,_idiopathic_generalized,_susceptibility_to,_1	3.134175693220271e-14
2	Hyperkinetic_aphonia	2.2542657587138846e-14
2	Hypofunctional_aphonia	2.2542657587138846e-14
2	Speech_and_language_disorder	2.2542657587138846e-14
2	Hyperfunctional_aphonia	2.2542657587138846e-14
2	Intellectual_disability,_autosomal_dominant_8	2.090491774597112e-14
2	Intellectual_disability,_autosomal_recessive_12	2.090491774597112e-14
2	Intellectual_disability,_autosomal_recessive_14	2.090491774597112e-14
2	Intellectual_disability,_autosomal_recessive_18	2.090491774597112e-14
2	Intellectual_disability,_autosomal_recessive_34	2.090491774597112e-14
2	Intellectual_disability,_autosomal_dominant_11	2.090491774597112e-14
2	Intellectual_disability,_autosomal_dominant_10	2.090491774597112e-14
2	Intellectual_disability,_autosomal_recessive_6	2.090491774597112e-14
2	Microcephaly_7,_primary,_autosomal_recessive	2.090491774597112e-14
2	Intellectual_disability,_autosomal_dominant_3	2.090491774597112e-14
2	Intellectual_disability,_autosomal_recessive_7	2.090491774597112e-14
2	Intellectual_disability,_autosomal_dominant_4	2.090491774597112e-14
2	Vaginal_disorder	1.2116355198699545e-14
2	Isolated_cervical_dystonia	9.606633448183815e-15
2	Uterine_cyst	7.582929005777468e-15
2	Placental_polyp	7.582929005777468e-15
2	Condyloma_acuminata_of_vagina	7.582929005777468e-15
2	Vulval_warts	7.582929005777468e-15
2	Mauriac_syndrome	7.248267509005818e-15
2	Cyst_of_vulva	6.259359657810165e-15
2	Penile_sclerosing_lipogranuloma	6.259359657810165e-15
2	Foreign_body_granuloma_of_penis	6.259359657810165e-15
2	Cholesterol_granuloma_of_middle_ear_and_mastoid	6.18984740451272e-15
2	Cyst_of_pinna	6.096727469460073e-15
2	Epidermoid_cyst_of_skin_of_ear	6.096727469460073e-15
2	Primary_acquired_melanosis_of_conjunctiva_without_atypia	6.096727469460073e-15
2	Conjunctival_cyst	6.096727469460073e-15
2	Pseudocyst_of_retina	6.096727469460073e-15
2	Chondrodermatitis_nodularis	6.096727469460073e-15
2	Angiomatosis_of_retina	6.096727469460073e-15
2	Conjunctival_Melanocytic_Intraepithelial_Neoplasia	6.096727469460073e-15
2	Verruca_vulgaris_of_skin_of_pinna	6.096727469460073e-15
2	Pseudocyst_of_ear	6.096727469460073e-15
2	Melanocytic_nevus_of_ear	6.096727469460073e-15
2	Musculoskeletal_disorder_of_the_neck	5.77579385236288e-15
2	Prune_belly_syndrome	4.731659320883833e-15
2	Pancreas_disorder	4.731659320883833e-15
2	Abnormality_of_the_liver	4.731659320883833e-15
2	Abnormality_of_the_pancreas	4.731659320883833e-15
2	Pulsatile_tinnitus	3.3453200030709283e-15
2	Hearing_problem	3.3453200030709283e-15
2	Cyst_of_tendon_sheath	3.2503099656686998e-15
2	Maxillary_cyst	3.2503099656686998e-15
2	Diaphragmatic_cyst	3.2503099656686998e-15
2	Synovial_cyst	3.2503099656686998e-15
2	Ganglion_of_aponeurosis	3.2503099656686998e-15
2	Ganglion_of_joint	3.2503099656686998e-15
2	Juxta-articular_yaws_nodules	3.2503099656686998e-15
2	Cholesterol_granuloma_of_mastoid	3.2503099656686998e-15
2	Perineal_hematoma	8.486912066521292e-16
2	Perineal_wart	8.486912066521292e-16
2	Genital_warts	7.133649543419373e-16
2	Rheumatic_torticollis	3.773099575702726e-16
2	Grisel_syndrome	3.773099575702726e-16
2	Sandifer_syndrome	3.773099575702726e-16
2	Disorder_of_cervical_spine	3.3920888751554593e-16
2	Infection_of_penis	5.800974848995735e-17
2	Verrucous_Lesion	5.800974848995735e-17
2	Chronic_disease_of_musculoskeletal_system	3.5923558032644794e-17
2	Muscular_dystrophy_dystroglycanopathy_type_B6	0.0
2	Primary_ciliary_dyskinesia_25	0.0
2	X_linked_intellectual_disability	0.0
2	Syndactyly_type_1	0.0
2	Dyslexia_susceptibility_to_7	0.0
2	Dyslexia_susceptibility_to_1	0.0
2	Dyslexia_susceptibility_to_4	0.0
2	Craniosynostosis_Philadelphia_type	0.0
2	Autism_susceptibility_to_X_linked_2	0.0
2	Muscular_dystrophy_dystroglycanopathy_congenital_with_brain_and_eye_anomalies_type_A6	0.0
